-14
-14
-15
-15
-15
-15
-15
-15
-15
-14
-14
-14
-14
-14
-15
-15
-15
-15
-15
-15
-15
-14
-14
-13
-12
-13
-13
-13
-12
-14
-14
-14
-15
-15
-16
-15
-16
-16
-15
-15
-14
-14
-14
-15
-15
-16
-16
-17
-15
-11
-7
-8
-6
-2
-2
-5
-11
-19
-27
-33
-40
-46
-42
-35
-24
-14
-3
7
10
10
8
4
3
-1
-7
-9
-10
-15
-15
-19
-27
-27
-31
-35
-36
-35
-31
-29
-22
-10
-2
0
0
-2
-2
0
0
-4
-6
-3
3
6
-1
-13
-27
-46
-63
-68
-59
-41
-18
1
13
17
11
4
3
2
0
-7
-20
-25
-23
-18
-10
-7
-5
-12
-31
-50
-60
-53
-34
-13
3
19
22
13
5
2
6
4
-6
-12
-11
-11
-14
-19
-26
-35
-45
-56
-77
-83
-64
-28
7
30
50
50
31
11
2
-4
-10
-9
-5
-1
0
-4
-11
-20
-33
-42
-60
-88
-106
-96
-62
-25
10
42
47
33
27
29
31
15
-4
-7
-4
1
-3
-12
-20
-26
-36
-71
-109
-119
-100
-72
-31
17
53
66
64
61
67
63
37
0
-26
-39
-39
-30
-28
-38
-42
-46
-69
-99
-111
-104
-88
-57
-9
25
43
54
70
93
93
64
34
9
-10
-16
-23
-49
-68
-64
-53
-60
-87
-100
-94
-84
-57
-19
18
40
53
78
110
108
74
35
5
-13
-25
-48
-74
-83
-67
-43
-45
-73
-95
-101
-97
-72
-35
4
32
53
91
127
124
85
33
-11
-44
-67
-89
-105
-102
-67
-29
-19
-32
-44
-48
-51
-42
-22
0
8
25
70
114
118
86
41
1
-26
-49
-84
-117
-120
-88
-54
-44
-50
-45
-34
-26
-22
-6
8
11
31
78
117
113
72
23
-25
-53
-67
-94
-127
-126
-93
-61
-57
-59
-49
-30
-14
2
25
38
42
57
89
113
99
57
11
-26
-43
-51
-81
-114
-117
-95
-74
-69
-67
-54
-37
-23
0
29
46
46
55
90
108
84
44
-3
-40
-50
-59
-93
-122
-118
-82
-51
-45
-45
-32
-17
-3
24
52
59
45
40
60
62
39
3
-43
-73
-62
-58
-81
-105
-101
-62
-33
-33
-34
-26
-18
1
34
60
62
42
42
64
65
42
6
-42
-67
-61
-64
-88
-109
-94
-50
-25
-23
-21
-17
-18
-3
25
49
51
28
28
48
49
31
-8
-56
-72
-58
-56
-78
-98
-80
-38
-15
-15
-15
-14
-13
-5
15
44
44
24
25
40
40
22
-17
-58
-67
-56
-55
-74
-89
-66
-21
4
5
5
2
-7
-10
6
32
25
8
11
24
29
18
-20
-58
-65
-47
-44
-65
-84
-64
-20
2
5
6
1
-11
-20
2
30
26
17
22
28
24
6
-35
-72
-81
-69
-62
-71
-76
-44
-1
16
24
23
14
-6
-22
4
32
29
23
29
35
36
13
-38
-84
-98
-87
-75
-81
-80
-42
-1
18
28
29
25
-3
-19
4
24
18
13
17
21
25
7
-40
-81
-92
-74
-62
-71
-69
-34
-3
13
17
20
15
-11
-20
5
24
25
30
36
38
38
11
-43
-87
-100
-84
-70
-77
-64
-28
1
18
19
22
10
-23
-31
-4
13
18
25
29
35
42
18
-30
-73
-89
-73
-67
-80
-66
-33
-4
13
18
29
17
-16
-18
3
12
16
18
15
21
27
7
-33
-71
-82
-63
-66
-76
-65
-41
-16
-7
5
25
13
-11
-5
14
25
31
31
28
36
42
20
-19
-62
-74
-65
-81
-94
-87
-62
-40
-31
-8
17
8
-8
-1
16
28
37
39
38
48
51
31
-11
-54
-62
-63
-83
-97
-93
-72
-57
-48
-18
8
1
-8
3
19
34
43
41
43
53
52
35
-10
-48
-52
-62
-81
-95
-90
-69
-59
-48
-14
7
-2
-11
-2
12
28
36
32
37
47
51
35
-13
-44
-48
-58
-73
-85
-76
-58
-54
-40
-10
5
-7
-14
-9
5
23
30
26
33
41
49
30
-18
-42
-51
-63
-77
-89
-74
-56
-52
-34
-1
11
-1
-7
-3
8
27
31
30
36
41
49
20
-25
-46
-54
-62
-79
-88
-70
-57
-54
-31
3
12
0
-8
-11
0
20
27
33
36
48
54
19
-21
-44
-52
-58
-78
-83
-65
-59
-58
-34
-4
2
-7
-14
-16
-1
17
29
37
39
58
60
23
-16
-40
-48
-56
-77
-80
-63
-62
-62
-37
-8
-3
-8
-15
-16
3
18
32
36
40
63
60
25
-14
-41
-48
-63
-84
-83
-67
-69
-66
-38
-11
-7
-8
-19
-15
5
23
42
42
50
69
59
24
-17
-43
-50
-68
-89
-83
-71
-74
-68
-37
-15
-6
-8
-18
-8
8
31
47
45
57
74
64
29
-13
-38
-47
-70
-92
-86
-76
-81
-72
-44
-25
-10
-15
-18
-8
8
34
43
42
57
73
64
29
-13
-33
-42
-69
-90
-84
-81
-88
-73
-49
-28
-12
-18
-17
-9
10
39
45
47
63
78
68
32
-11
-29
-42
-71
-87
-77
-80
-86
-71
-55
-30
-19
-22
-18
-13
10
36
38
42
61
78
72
36
-3
-20
-37
-67
-81
-72
-81
-83
-72
-54
-27
-20
-20
-21
-20
5
26
26
33
53
71
64
27
-6
-19
-37
-68
-76
-73
-83
-80
-70
-46
-20
-12
-9
-15
-12
15
31
29
35
54
72
62
24
-6
-15
-36
-66
-69
-74
-85
-84
-77
-51
-29
-20
-18
-27
-19
9
25
26
35
57
76
64
24
-3
-10
-38
-62
-63
-73
-80
-81
-71
-44
-25
-13
-14
-23
-13
13
26
24
31
52
69
55
13
-10
-19
-49
-63
-66
-72
-74
-78
-64
-39
-21
-8
-13
-23
-10
15
25
25
32
52
69
53
10
-5
-20
-49
-59
-66
-69
-76
-82
-67
-45
-24
-9
-15
-23
-9
14
21
21
30
52
72
51
13
1
-22
-46
-57
-64
-64
-74
-77
-62
-43
-20
-6
-14
-20
-5
15
19
18
26
49
68
41
11
-2
-27
-46
-59
-63
-65
-76
-75
-61
-42
-18
-5
-17
-22
-6
12
14
14
20
50
66
39
18
2
-20
-38
-51
-54
-62
-76
-75
-64
-46
-19
-7
-18
-21
-4
11
13
10
16
52
60
37
21
3
-16
-34
-47
-50
-63
-76
-76
-68
-49
-20
-11
-21
-21
-4
9
13
2
14
52
56
40
25
8
-9
-29
-38
-43
-59
-73
-75
-71
-51
-23
-17
-29
-27
-13
3
7
-5
17
53
56
46
31
16
-2
-23
-32
-42
-62
-75
-81
-78
-57
-27
-21
-29
-24
-11
10
8
-5
23
52
55
44
27
14
-6
-23
-28
-39
-57
-68
-77
-76
-55
-28
-27
-31
-28
-13
10
1
-5
24
50
56
44
30
17
-4
-19
-25
-37
-55
-68
-78
-78
-55
-32
-33
-35
-36
-15
7
-5
-3
27
52
57
47
35
18
-4
-19
-25
-38
-54
-66
-79
-79
-52
-34
-32
-34
-35
-7
8
-5
3
30
54
58
47
35
15
-8
-21
-28
-41
-56
-67
-85
-81
-54
-40
-33
-39
-37
-6
3
-6
4
31
55
59
51
41
20
-2
-15
-24
-39
-51
-65
-86
-77
-55
-40
-32
-43
-34
-4
0
-8
1
29
52
56
50
39
16
-5
-16
-27
-42
-51
-70
-88
-75
-55
-34
-27
-38
-24
1
2
-5
5
31
52
54
49
36
11
-10
-21
-34
-46
-53
-75
-87
-76
-57
-32
-29
-37
-20
2
2
-4
8
34
52
56
51
37
11
-8
-20
-38
-46
-54
-78
-85
-77
-54
-27
-29
-33
-14
5
3
-4
8
33
48
52
48
34
7
-8
-21
-39
-42
-55
-77
-83
-80
-52
-28
-31
-32
-13
4
0
-7
7
30
45
50
46
30
4
-6
-23
-37
-38
-54
-71
-79
-75
-45
-24
-28
-27
-7
7
2
-5
7
27
40
43
41
21
-1
-11
-29
-36
-38
-53
-66
-77
-71
-42
-26
-30
-27
-7
6
-1
-6
7
27
39
45
42
20
2
-11
-30
-32
-37
-52
-67
-81
-74
-44
-28
-32
-25
-4
7
1
-3
9
26
36
45
39
18
5
-12
-28
-29
-35
-47
-65
-81
-72
-43
-31
-34
-25
-4
3
-2
-7
6
21
33
46
38
22
10
-10
-22
-27
-33
-45
-65
-81
-70
-43
-33
-35
-23
-4
1
-7
-10
3
15
31
46
35
24
11
-8
-18
-25
-30
-42
-65
-82
-69
-44
-38
-38
-24
-6
-1
-9
-10
3
13
35
47
37
30
15
-4
-15
-22
-27
-39
-64
-79
-65
-42
-39
-38
-24
-7
-4
-14
-12
-3
8
33
42
37
30
13
-5
-16
-23
-25
-38
-66
-81
-66
-46
-43
-40
-26
-7
-6
-15
-8
-3
12
37
43
41
34
18
0
-11
-18
-21
-35
-66
-80
-64
-50
-48
-45
-29
-10
-13
-16
-10
-6
15
37
42
41
33
16
0
-11
-17
-17
-32
-62
-74
-61
-50
-49
-48
-29
-11
-16
-16
-14
-8
16
36
42
42
33
16
-1
-14
-19
-17
-34
-64
-71
-60
-51
-51
-50
-27
-14
-17
-13
-14
-5
19
37
43
44
33
16
-1
-14
-17
-14
-34
-63
-69
-59
-51
-55
-50
-26
-18
-15
-13
-14
-3
19
36
44
46
35
18
-1
-18
-18
-17
-40
-66
-72
-62
-55
-60
-49
-26
-18
-12
-11
-13
-2
20
35
45
47
37
23
3
-15
-13
-15
-40
-64
-71
-59
-56
-61
-46
-28
-20
-13
-14
-16
-4
17
33
44
47
39
27
3
-14
-11
-17
-42
-67
-72
-59
-59
-59
-42
-27
-18
-11
-14
-17
-5
14
28
40
42
36
24
-1
-14
-10
-17
-40
-64
-65
-53
-56
-53
-37
-24
-15
-9
-16
-19
-6
11
27
39
40
38
24
-3
-14
-11
-19
-43
-66
-63
-54
-57
-51
-37
-25
-15
-10
-17
-19
-7
8
25
36
38
39
22
-4
-12
-10
-17
-41
-62
-57
-51
-53
-46
-34
-24
-13
-9
-17
-17
-7
7
24
31
34
35
15
-8
-16
-13
-19
-45
-60
-55
-52
-53
-45
-35
-25
-12
-10
-16
-15
-7
9
24
29
36
36
16
-4
-12
-7
-15
-41
-53
-50
-50
-52
-45
-37
-27
-14
-14
-19
-18
-11
6
20
25
34
31
12
-8
-15
-8
-19
-42
-52
-48
-48
-48
-41
-34
-22
-9
-11
-15
-17
-9
8
18
24
34
30
12
-10
-13
-7
-21
-43
-52
-50
-52
-50
-43
-36
-21
-10
-11
-14
-17
-9
8
17
27
37
33
13
-9
-11
-7
-22
-44
-51
-53
-56
-52
-47
-39
-23
-13
-13
-16
-19
-8
8
17
30
40
37
16
-3
-4
-2
-20
-41
-48
-53
-56
-50
-48
-39
-25
-17
-16
-22
-25
-12
2
14
28
40
37
15
-1
0
-1
-21
-39
-45
-52
-53
-49
-47
-37
-23
-15
-15
-23
-24
-13
-1
12
26
40
36
14
-1
1
-2
-22
-36
-42
-50
-50
-49
-47
-36
-25
-17
-18
-27
-25
-14
-1
12
29
44
37
14
-1
2
-5
-25
-36
-45
-52
-51
-52
-49
-38
-27
-17
-18
-24
-21
-10
2
14
32
45
37
14
2
6
-4
-22
-32
-43
-49
-49
-52
-50
-43
-31
-22
-24
-28
-25
-12
0
12
32
45
36
12
3
5
-7
-21
-31
-43
-48
-48
-52
-49
-42
-30
-20
-22
-27
-23
-11
-1
13
33
46
36
12
7
5
-8
-19
-32
-43
-47
-50
-52
-50
-44
-30
-22
-24
-28
-23
-13
-3
12
33
48
34
12
9
4
-8
-18
-32
-42
-46
-49
-50
-48
-40
-25
-17
-21
-26
-22
-16
-7
7
29
43
26
9
6
0
-9
-19
-33
-41
-46
-48
-49
-48
-38
-23
-15
-20
-23
-19
-13
-4
9
34
45
27
14
9
1
-7
-19
-33
-43
-48
-49
-51
-48
-39
-23
-17
-23
-25
-23
-17
-10
3
31
39
23
13
8
1
-5
-18
-31
-40
-45
-46
-47
-44
-34
-18
-15
-21
-24
-24
-17
-13
3
32
36
22
13
6
0
-6
-17
-29
-39
-42
-44
-45
-44
-33
-17
-16
-20
-24
-23
-19
-18
2
29
31
20
12
5
0
-6
-16
-28
-37
-40
-42
-44
-44
-32
-18
-17
-21
-27
-24
-23
-21
3
29
30
21
12
5
0
-5
-15
-27
-34
-38
-38
-41
-42
-28
-17
-14
-20
-26
-21
-24
-22
4
26
26
17
9
2
-3
-7
-17
-27
-34
-37
-36
-43
-43
-30
-21
-17
-24
-26
-22
-27
-20
9
28
30
23
14
6
1
-4
-16
-25
-33
-34
-36
-45
-42
-31
-20
-17
-25
-25
-23
-31
-21
7
24
25
18
9
1
-1
-8
-17
-26
-34
-33
-37
-44
-40
-30
-18
-18
-24
-21
-23
-30
-17
9
27
29
23
13
5
2
-6
-14
-25
-32
-31
-39
-45
-42
-32
-20
-22
-27
-23
-29
-36
-22
4
22
26
22
11
6
3
-5
-12
-25
-28
-28
-37
-42
-41
-29
-18
-21
-23
-20
-28
-35
-21
5
21
26
21
10
7
1
-3
-13
-27
-29
-33
-40
-45
-44
-30
-20
-23
-21
-19
-30
-36
-20
4
19
27
21
14
11
5
3
-11
-22
-25
-31
-38
-46
-45
-30
-23
-24
-20
-20
-34
-40
-23
-2
17
25
20
16
10
8
3
-12
-21
-26
-32
-39
-47
-43
-28
-22
-22
-16
-17
-33
-37
-22
-3
17
23
19
14
7
7
0
-14
-23
-28
-33
-40
-49
-43
-28
-23
-21
-13
-15
-32
-33
-20
0
20
24
23
16
8
8
-2
-16
-24
-30
-34
-42
-51
-42
-28
-24
-20
-10
-17
-33
-33
-21
1
19
24
23
13
8
6
-4
-15
-24
-28
-31
-42
-49
-41
-29
-26
-19
-10
-20
-33
-33
-21
3
17
25
24
14
11
7
-5
-17
-26
-29
-32
-44
-50
-39
-28
-26
-16
-8
-20
-30
-34
-22
0
14
24
21
13
11
6
-4
-15
-23
-24
-29
-42
-48
-37
-30
-28
-14
-10
-19
-29
-35
-21
-3
13
23
18
12
10
5
-5
-17
-24
-25
-30
-44
-48
-37
-33
-27
-12
-10
-17
-29
-33
-20
-4
12
22
16
12
11
7
-3
-14
-21
-21
-27
-44
-46
-36
-36
-24
-11
-9
-15
-32
-34
-23
-8
10
18
13
10
10
6
-2
-14
-20
-19
-28
-45
-43
-38
-36
-22
-11
-6
-15
-31
-32
-25
-10
8
14
11
9
9
7
-2
-13
-18
-16
-28
-44
-40
-40
-36
-23
-12
-5
-16
-29
-31
-25
-10
8
12
10
9
9
7
-1
-13
-15
-12
-29
-40
-38
-40
-34
-24
-10
-5
-18
-29
-32
-27
-11
5
9
7
6
6
5
-3
-15
-13
-12
-30
-36
-38
-39
-33
-23
-7
-4
-17
-27
-32
-26
-9
6
11
8
7
7
5
-5
-18
-12
-16
-31
-35
-39
-38
-34
-23
-7
-6
-18
-28
-33
-27
-10
6
10
9
8
8
8
-7
-16
-8
-17
-28
-33
-37
-35
-33
-20
-5
-7
-17
-29
-35
-28
-11
4
8
8
6
8
6
-11
-15
-11
-20
-28
-36
-38
-38
-36
-20
-6
-7
-16
-27
-34
-27
-9
4
9
10
6
13
7
-10
-9
-9
-17
-26
-34
-36
-40
-37
-22
-10
-11
-19
-30
-36
-27
-8
4
12
11
9
17
6
-9
-9
-11
-19
-29
-35
-38
-42
-36
-20
-9
-9
-17
-29
-37
-27
-10
1
11
7
10
18
3
-7
-7
-11
-18
-29
-35
-40
-46
-38
-22
-11
-10
-15
-28
-34
-23
-9
5
12
7
15
18
3
-5
-7
-9
-17
-27
-32
-40
-46
-38
-23
-13
-11
-16
-30
-35
-25
-14
3
6
2
14
13
1
-6
-7
-9
-18
-27
-31
-40
-45
-35
-19
-9
-6
-11
-27
-28
-23
-11
6
4
5
15
11
0
-7
-8
-11
-21
-28
-34
-44
-48
-38
-22
-12
-6
-13
-28
-28
-26
-9
6
3
8
16
12
2
-5
-6
-10
-19
-25
-32
-43
-47
-36
-22
-13
-5
-17
-28
-30
-28
-7
4
2
9
16
11
0
-7
-8
-13
-22
-27
-33
-44
-46
-34
-22
-9
-4
-17
-24
-32
-28
-7
0
2
11
18
13
3
-3
-5
-12
-20
-24
-32
-45
-44
-34
-24
-8
-8
-19
-26
-37
-29
-11
-4
1
10
16
11
2
-4
-6
-13
-18
-21
-30
-42
-38
-31
-19
-4
-7
-14
-25
-36
-26
-11
-6
-1
9
14
8
-1
-6
-9
-16
-21
-23
-34
-45
-40
-35
-19
-6
-8
-12
-26
-35
-24
-11
-5
2
12
17
12
3
-1
-5
-13
-16
-19
-35
-42
-41
-36
-18
-8
-7
-12
-29
-37
-27
-16
-11
-4
7
11
7
0
-2
-5
-13
-12
-17
-32
-37
-41
-34
-17
-10
-6
-11
-28
-34
-24
-14
-10
-2
9
13
7
1
-1
-6
-13
-10
-19
-32
-37
-43
-32
-18
-9
-4
-12
-29
-34
-26
-18
-14
-6
5
8
3
-2
-1
-9
-10
-7
-18
-27
-36
-42
-29
-17
-8
-2
-11
-28
-31
-24
-18
-13
-5
5
8
2
-1
-2
-12
-9
-8
-19
-27
-39
-42
-30
-19
-7
-1
-12
-27
-30
-23
-18
-13
-4
6
8
2
2
-4
-12
-7
-11
-19
-28
-41
-41
-31
-21
-8
-2
-14
-29
-31
-25
-20
-13
-4
9
9
5
5
-5
-9
-6
-12
-16
-28
-40
-39
-30
-19
-5
-1
-13
-27
-30
-26
-22
-16
-5
8
6
6
5
-6
-7
-7
-12
-17
-31
-42
-41
-34
-21
-6
-2
-14
-25
-27
-25
-20
-16
-2
7
5
8
3
-7
-7
-8
-9
-15
-29
-40
-40
-34
-22
-6
-3
-14
-24
-27
-24
-21
-16
0
5
5
9
0
-7
-8
-10
-10
-16
-31
-40
-41
-36
-22
-5
-3
-13
-23
-26
-22
-23
-15
1
3
7
9
0
-5
-7
-8
-8
-15
-30
-40
-42
-39
-24
-7
-5
-13
-23
-24
-22
-25
-13
-1
0
6
6
-2
-5
-7
-6
-4
-12
-27
-36
-41
-38
-23
-8
-7
-14
-24
-23
-24
-26
-12
-4
0
7
5
-1
-6
-9
-6
-5
-14
-27
-35
-41
-38
-21
-7
-4
-12
-21
-20
-25
-24
-11
-6
0
6
4
-1
-6
-9
-6
-5
-15
-27
-36
-44
-40
-24
-11
-6
-16
-20
-20
-27
-22
-10
-5
2
7
5
0
-6
-8
-4
-3
-13
-25
-35
-44
-39
-25
-10
-7
-16
-18
-21
-27
-20
-11
-5
3
7
5
0
-7
-9
-4
-5
-15
-24
-37
-44
-39
-26
-10
-9
-17
-17
-23
-28
-21
-14
-6
3
7
6
1
-6
-7
0
-3
-12
-22
-35
-42
-39
-25
-9
-11
-15
-16
-25
-28
-22
-16
-9
0
4
4
-1
-9
-7
-1
-4
-11
-21
-34
-41
-39
-23
-9
-11
-11
-15
-24
-25
-21
-16
-8
0
3
3
-3
-11
-7
-3
-6
-10
-21
-32
-40
-38
-20
-9
-11
-10
-16
-25
-26
-23
-18
-10
-3
2
3
-4
-11
-6
-3
-4
-9
-21
-31
-41
-37
-19
-12
-10
-8
-14
-23
-24
-22
-18
-10
-5
1
2
-7
-11
-6
-4
-3
-9
-19
-30
-42
-37
-21
-14
-10
-8
-15
-22
-23
-22
-17
-11
-5
2
2
-7
-9
-7
-4
-2
-9
-16
-30
-43
-35
-22
-16
-10
-8
-16
-22
-24
-23
-18
-11
-5
4
3
-6
-8
-7
-3
-3
-9
-15
-31
-43
-35
-24
-17
-9
-8
-15
-21
-24
-23
-18
-13
-5
4
1
-6
-9
-8
-4
-5
-8
-15
-33
-42
-35
-26
-18
-8
-8
-14
-19
-23
-21
-15
-11
-1
7
3
-4
-9
-8
-4
-7
-8
-17
-34
-42
-36
-28
-19
-9
-10
-16
-20
-24
-22
-17
-13
-1
7
3
-3
-8
-5
-4
-6
-6
-17
-35
-41
-36
-29
-18
-9
-10
-14
-20
-24
-21
-20
-14
-1
5
3
-4
-8
-5
-5
-5
-5
-17
-34
-39
-35
-29
-17
-8
-9
-14
-21
-24
-22
-22
-14
-2
4
3
-5
-7
-5
-5
-3
-3
-17
-33
-37
-36
-29
-16
-8
-7
-12
-20
-22
-22
-23
-15
-5
3
0
-8
-8
-7
-7
-2
-3
-17
-32
-37
-38
-30
-17
-9
-8
-12
-19
-20
-23
-23
-15
-5
3
0
-5
-6
-5
-4
1
-1
-17
-30
-38
-40
-31
-19
-11
-7
-12
-17
-19
-23
-23
-17
-6
1
-2
-7
-6
-7
-4
2
-1
-15
-28
-37
-39
-30
-19
-10
-8
-13
-16
-19
-23
-23
-18
-7
-1
-5
-8
-8
-9
-5
2
-3
-15
-26
-36
-38
-29
-18
-9
-7
-12
-15
-18
-21
-22
-17
-5
0
-4
-6
-7
-10
-5
1
-5
-17
-28
-38
-39
-31
-19
-8
-7
-10
-13
-17
-20
-22
-15
-4
0
-3
-4
-7
-11
-4
0
-7
-17
-29
-40
-40
-33
-20
-10
-10
-11
-15
-17
-22
-23
-15
-4
0
-2
-2
-7
-9
-2
2
-4
-13
-27
-37
-39
-32
-19
-10
-9
-11
-15
-18
-24
-26
-18
-6
-3
-3
-3
-9
-9
-1
1
-3
-12
-25
-35
-38
-30
-18
-9
-7
-10
-12
-17
-24
-26
-19
-9
-7
-4
-5
-11
-9
-2
-1
-3
-12
-24
-35
-39
-31
-19
-10
-8
-10
-11
-16
-23
-25
-17
-9
-7
-3
-6
-11
-8
-2
0
-2
-11
-22
-35
-39
-32
-20
-11
-9
-9
-11
-16
-24
-26
-17
-10
-6
-2
-6
-10
-7
-2
1
-1
-9
-21
-34
-38
-31
-20
-12
-10
-9
-11
-17
-27
-27
-19
-13
-7
-4
-9
-12
-8
-3
0
-1
-8
-21
-33
-37
-30
-19
-11
-8
-7
-8
-15
-26
-25
-18
-13
-7
-5
-11
-13
-11
-5
-2
-2
-8
-21
-32
-36
-29
-18
-11
-7
-6
-6
-14
-24
-23
-18
-12
-5
-5
-10
-13
-11
-7
-4
-4
-11
-23
-35
-39
-32
-21
-13
-8
-5
-5
-15
-24
-23
-19
-12
-5
-4
-8
-10
-8
-4
-2
-2
-9
-21
-34
-38
-31
-22
-13
-9
-4
-4
-15
-23
-23
-20
-13
-6
-6
-10
-11
-9
-6
-2
-3
-9
-21
-34
-37
-31
-21
-14
-9
-3
-4
-15
-23
-24
-21
-13
-6
-6
-10
-10
-8
-5
-1
-2
-8
-22
-35
-39
-33
-22
-15
-8
0
-3
-13
-21
-24
-21
-13
-6
-6
-9
-9
-9
-5
-2
-2
-8
-22
-35
-40
-34
-24
-17
-8
0
-4
-14
-22
-25
-22
-13
-6
-7
-9
-10
-9
-4
-1
0
-6
-19
-33
-38
-32
-24
-18
-8
0
-4
-13
-21
-26
-23
-13
-7
-7
-8
-10
-8
-6
-3
-1
-8
-21
-34
-38
-32
-25
-19
-8
-1
-5
-13
-21
-25
-21
-11
-6
-6
-8
-10
-8
-5
-2
0
-6
-19
-32
-36
-32
-27
-21
-10
-3
-6
-13
-20
-25
-19
-10
-6
-6
-9
-10
-9
-7
-2
-1
-6
-19
-33
-36
-32
-28
-21
-10
-3
-6
-12
-20
-25
-19
-11
-7
-7
-10
-11
-10
-8
-3
0
-4
-17
-30
-33
-31
-28
-21
-9
-3
-6
-11
-20
-24
-18
-12
-7
-8
-11
-12
-13
-9
-4
-1
-5
-19
-30
-33
-32
-30
-22
-9
-3
-4
-8
-19
-22
-18
-12
-7
-8
-10
-11
-11
-8
-2
1
-4
-18
-30
-33
-33
-31
-23
-11
-5
-4
-10
-21
-23
-20
-13
-8
-9
-10
-11
-10
-7
-1
2
-4
-18
-29
-33
-33
-32
-23
-11
-5
-2
-9
-20
-23
-20
-13
-9
-9
-9
-9
-9
-7
0
3
-3
-17
-28
-32
-34
-33
-22
-13
-5
-2
-10
-20
-24
-20
-14
-11
-11
-11
-11
-12
-9
-1
3
-4
-17
-26
-28
-32
-29
-19
-11
-2
-1
-10
-20
-24
-20
-15
-12
-11
-11
-12
-14
-10
-3
0
-6
-19
-27
-31
-35
-31
-21
-10
0
1
-7
-17
-21
-18
-13
-10
-10
-10
-12
-14
-11
-5
-1
-8
-20
-26
-31
-34
-29
-21
-10
0
0
-8
-19
-23
-20
-14
-11
-9
-8
-11
-14
-11
-5
-1
-8
-19
-24
-31
-33
-29
-22
-10
1
1
-8
-18
-23
-20
-15
-13
-10
-9
-13
-15
-13
-6
-2
-9
-17
-23
-30
-32
-29
-22
-9
1
2
-6
-16
-20
-17
-14
-13
-9
-9
-13
-15
-13
-5
-2
-10
-17
-24
-32
-33
-32
-24
-11
-1
1
-6
-15
-19
-17
-16
-13
-9
-10
-12
-15
-12
-2
-2
-9
-15
-24
-31
-33
-33
-25
-11
0
1
-6
-15
-19
-17
-16
-13
-9
-10
-12
-15
-11
-1
-3
-8
-15
-25
-31
-34
-34
-25
-11
-1
1
-6
-16
-18
-17
-17
-13
-10
-10
-12
-16
-9
-2
-3
-7
-14
-23
-30
-34
-35
-26
-12
-1
2
-6
-14
-16
-18
-17
-13
-11
-10
-13
-16
-9
-3
-3
-7
-16
-24
-31
-36
-36
-27
-13
-1
2
-5
-12
-14
-17
-15
-12
-10
-7
-13
-15
-7
-3
-3
-6
-15
-24
-31
-38
-38
-29
-14
-2
1
-7
-12
-15
-17
-15
-13
-9
-7
-13
-13
-7
-4
-2
-6
-15
-23
-31
-38
-39
-29
-15
-2
0
-7
-11
-16
-17
-15
-14
-9
-9
-15
-13
-8
-3
-1
-6
-14
-21
-29
-36
-36
-28
-13
1
1
-5
-11
-16
-17
-16
-14
-9
-11
-15
-13
-9
-4
-2
-7
-15
-23
-31
-39
-39
-31
-14
0
-1
-4
-10
-15
-14
-16
-12
-7
-10
-14
-13
-10
-4
-2
-7
-14
-21
-31
-38
-39
-31
-14
-2
-1
-4
-11
-15
-16
-18
-12
-8
-11
-13
-12
-9
-3
-1
-6
-12
-20
-30
-37
-40
-32
-14
-4
-2
-4
-11
-14
-17
-17
-11
-9
-12
-14
-13
-10
-3
-1
-7
-12
-20
-29
-37
-42
-33
-15
-6
-2
-5
-11
-13
-16
-16
-10
-9
-11
-12
-12
-8
-1
-1
-6
-11
-19
-28
-37
-43
-31
-15
-5
-1
-6
-10
-14
-19
-18
-13
-12
-14
-14
-14
-9
-1
-1
-5
-10
-18
-25
-37
-41
-29
-15
-4
0
-4
-7
-12
-18
-17
-13
-13
-13
-15
-16
-10
-4
-5
-7
-13
-19
-26
-38
-41
-29
-15
-3
0
-3
-6
-12
-17
-16
-13
-13
-13
-15
-15
-8
-4
-4
-6
-12
-16
-25
-38
-40
-30
-15
-3
-1
-3
-6
-13
-18
-16
-14
-14
-13
-16
-15
-8
-5
-3
-5
-11
-14
-25
-39
-40
-31
-15
-4
-2
-2
-5
-13
-18
-16
-16
-14
-13
-17
-15
-8
-5
-1
-5
-10
-13
-26
-39
-41
-32
-17
-6
-3
-2
-6
-14
-18
-17
-15
-12
-13
-17
-13
-8
-4
-1
-6
-8
-12
-26
-38
-41
-32
-16
-6
-2
0
-4
-12
-16
-17
-16
-12
-16
-18
-14
-10
-4
-3
-7
-7
-13
-27
-39
-43
-35
-20
-10
-5
-1
-5
-12
-14
-16
-13
-10
-14
-15
-12
-8
0
-2
-4
-4
-11
-25
-39
-44
-35
-21
-12
-5
-1
-6
-12
-15
-17
-13
-12
-16
-15
-14
-8
-1
-3
-3
-3
-11
-24
-39
-44
-35
-22
-13
-4
-1
-7
-11
-16
-18
-14
-15
-17
-16
-15
-7
-1
-3
-2
-2
-9
-23
-37
-42
-33
-22
-13
-3
-2
-6
-9
-15
-16
-13
-16
-16
-17
-16
-7
-4
-5
-3
-3
-10
-23
-37
-41
-32
-23
-13
-3
-3
-5
-9
-15
-14
-13
-15
-15
-18
-15
-7
-5
-6
-4
-5
-11
-24
-38
-40
-33
-24
-11
-2
-2
-2
-8
-15
-13
-14
-15
-15
-18
-14
-7
-5
-5
-3
-3
-9
-24
-38
-40
-35
-27
-13
-6
-4
-4
-11
-15
-14
-14
-13
-15
-18
-13
-7
-6
-5
-3
-2
-7
-22
-35
-36
-33
-24
-11
-5
-2
-3
-12
-15
-15
-16
-14
-18
-20
-14
-9
-9
-7
-5
-4
-9
-25
-36
-38
-36
-24
-11
-5
1
-1
-8
-11
-13
-12
-11
-17
-19
-13
-10
-9
-8
-6
-3
-9
-25
-34
-38
-36
-24
-13
-6
1
-1
-7
-10
-13
-11
-12
-18
-19
-14
-11
-10
-9
-7
-3
-12
-27
-35
-40
-37
-24
-15
-6
1
-2
-5
-9
-11
-9
-10
-16
-16
-12
-10
-9
-10
-7
-3
-13
-25
-34
-41
-36
-25
-17
-5
0
-2
-5
-11
-13
-10
-13
-18
-17
-13
-10
-9
-10
-4
-1
-11
-22
-32
-40
-34
-26
-16
-5
0
-1
-5
-12
-13
-11
-15
-19
-18
-15
-11
-12
-12
-4
-2
-12
-21
-33
-39
-34
-27
-16
-4
0
0
-5
-11
-11
-9
-14
-18
-17
-13
-10
-11
-10
-2
-3
-12
-21
-35
-40
-36
-29
-17
-5
-1
0
-6
-11
-10
-10
-14
-17
-17
-12
-9
-12
-8
-1
-4
-10
-21
-35
-38
-36
-30
-18
-8
-3
-1
-7
-11
-10
-10
-14
-18
-18
-12
-10
-13
-6
-1
-3
-8
-21
-34
-38
-38
-32
-20
-11
-4
-2
-7
-9
-7
-8
-11
-15
-15
-9
-9
-12
-5
-1
-2
-7
-21
-33
-38
-40
-33
-22
-13
-5
-4
-10
-11
-10
-11
-14
-18
-16
-9
-11
-10
-3
0
1
-5
-19
-30
-37
-39
-32
-22
-12
-3
-3
-8
-9
-9
-10
-13
-19
-15
-10
-14
-12
-6
-3
0
-7
-20
-30
-38
-40
-32
-23
-13
-4
-5
-9
-10
-9
-9
-13
-17
-11
-9
-11
-8
-5
-1
1
-7
-20
-30
-39
-40
-33
-24
-13
-4
-6
-8
-9
-9
-9
-16
-18
-11
-11
-12
-8
-6
-1
0
-8
-19
-29
-39
-38
-33
-24
-12
-5
-6
-8
-9
-8
-9
-17
-17
-11
-11
-10
-7
-5
0
0
-8
-18
-29
-39
-39
-35
-26
-13
-7
-7
-9
-10
-7
-9
-17
-15
-11
-12
-10
-8
-5
0
-1
-8
-16
-28
-35
-36
-34
-24
-12
-7
-7
-10
-11
-7
-11
-17
-14
-12
-12
-10
-9
-6
-1
-3
-8
-17
-29
-36
-37
-35
-24
-12
-7
-6
-9
-9
-5
-11
-15
-12
-12
-11
-10
-10
-6
-1
-3
-7
-16
-29
-35
-39
-36
-25
-15
-9
-8
-11
-8
-6
-12
-14
-12
-13
-11
-11
-11
-6
-2
-3
-6
-16
-27
-33
-37
-34
-23
-13
-6
-6
-10
-5
-5
-12
-13
-14
-14
-13
-13
-12
-7
-5
-4
-6
-16
-26
-33
-39
-35
-24
-14
-6
-9
-10
-5
-8
-13
-14
-15
-15
-13
-14
-11
-6
-3
-1
-4
-14
-22
-31
-37
-33
-25
-13
-6
-9
-7
-3
-7
-13
-15
-17
-17
-17
-18
-14
-9
-6
-2
-5
-14
-22
-31
-36
-32
-24
-11
-5
-8
-5
-3
-8
-12
-14
-16
-15
-16
-16
-12
-9
-5
-1
-5
-14
-23
-34
-39
-36
-26
-12
-8
-10
-6
-4
-9
-12
-15
-17
-15
-16
-15
-11
-7
-1
2
-2
-10
-20
-30
-35
-35
-25
-12
-10
-11
-7
-7
-9
-11
-15
-15
-16
-18
-17
-14
-10
-4
-1
-5
-11
-22
-31
-36
-36
-24
-13
-12
-10
-5
-5
-7
-10
-13
-13
-14
-16
-15
-13
-9
-2
-1
-4
-10
-22
-30
-37
-37
-24
-15
-15
-11
-7
-7
-8
-11
-13
-13
-14
-15
-13
-12
-8
-2
-2
-4
-12
-22
-30
-39
-37
-23
-16
-14
-9
-6
-5
-5
-9
-10
-10
-12
-13
-13
-14
-10
-5
-3
-4
-12
-21
-31
-41
-39
-25
-20
-18
-13
-10
-7
-7
-9
-9
-9
-11
-10
-11
-11
-6
-3
0
-2
-10
-18
-29
-41
-37
-26
-22
-18
-14
-10
-7
-8
-10
-10
-12
-13
-12
-13
-12
-7
-4
-1
-3
-10
-16
-29
-40
-35
-26
-23
-19
-16
-11
-7
-7
-7
-7
-9
-9
-9
-12
-11
-8
-4
-1
-5
-10
-17
-31
-41
-35
-28
-23
-21
-18
-13
-9
-9
-9
-9
-10
-9
-11
-12
-10
-8
-4
0
-4
-6
-13
-29
-37
-32
-26
-23
-21
-17
-12
-9
-9
-8
-8
-10
-9
-11
-12
-12
-10
-5
-3
-6
-7
-16
-33
-38
-35
-28
-24
-21
-16
-10
-8
-7
-6
-8
-8
-8
-10
-11
-12
-10
-4
-4
-5
-5
-16
-32
-38
-35
-29
-24
-21
-16
-11
-9
-7
-6
-7
-6
-7
-9
-10
-12
-10
-5
-6
-6
-6
-18
-32
-38
-35
-29
-24
-20
-15
-10
-9
-7
-7
-8
-8
-10
-11
-12
-14
-10
-5
-7
-4
-5
-17
-30
-36
-33
-28
-24
-20
-14
-11
-9
-7
-7
-7
-7
-9
-9
-11
-14
-8
-7
-8
-5
-6
-19
-32
-36
-34
-28
-24
-20
-14
-11
-8
-7
-8
-8
-9
-10
-10
-14
-15
-9
-8
-7
-2
-4
-17
-29
-34
-32
-27
-24
-19
-14
-12
-9
-7
-8
-7
-9
-10
-9
-14
-13
-9
-9
-7
-2
-6
-18
-30
-35
-32
-27
-24
-19
-15
-13
-9
-9
-9
-8
-10
-9
-10
-14
-12
-9
-9
-6
-1
-4
-16
-28
-33
-31
-27
-24
-19
-16
-14
-11
-11
-9
-9
-10
-8
-11
-14
-12
-10
-10
-5
0
-5
-16
-27
-31
-29
-27
-23
-19
-16
-13
-11
-11
-9
-11
-11
-9
-13
-15
-11
-10
-10
-4
1
-4
-15
-26
-30
-29
-28
-24
-20
-18
-14
-13
-11
-9
-11
-8
-7
-12
-13
-10
-11
-11
-5
-1
-5
-16
-27
-31
-31
-29
-24
-21
-17
-13
-12
-9
-8
-10
-7
-8
-12
-12
-10
-11
-10
-3
1
-3
-14
-25
-30
-32
-30
-26
-23
-19
-16
-14
-10
-10
-10
-7
-8
-12
-11
-10
-11
-9
-3
1
-3
-15
-24
-28
-30
-28
-25
-23
-18
-16
-13
-10
-11
-10
-7
-9
-12
-11
-10
-12
-10
-4
1
-5
-16
-25
-30
-32
-29
-26
-22
-18
-16
-11
-8
-9
-7
-5
-7
-10
-9
-10
-12
-10
-3
1
-6
-17
-25
-32
-33
-30
-29
-23
-20
-17
-12
-10
-11
-8
-6
-8
-9
-7
-9
-10
-7
-1
2
-4
-15
-24
-31
-32
-31
-29
-24
-22
-19
-14
-12
-12
-7
-5
-8
-8
-7
-9
-11
-8
0
2
-5
-14
-25
-31
-31
-32
-28
-24
-22
-18
-13
-13
-12
-7
-7
-9
-9
-8
-10
-12
-8
1
3
-3
-12
-23
-28
-30
-31
-28
-25
-23
-18
-13
-13
-11
-6
-7
-9
-9
-9
-12
-14
-10
-2
0
-5
-14
-23
-28
-30
-30
-26
-24
-21
-16
-12
-12
-9
-5
-7
-9
-9
-10
-13
-15
-9
-1
0
-3
-14
-23
-29
-32
-31
-28
-26
-23
-16
-13
-12
-7
-4
-6
-8
-8
-9
-13
-16
-9
-3
0
-4
-13
-21
-26
-29
-29
-26
-25
-22
-17
-15
-15
-10
-7
-9
-10
-8
-9
-13
-14
-7
-1
2
-3
-12
-19
-26
-30
-29
-27
-26
-22
-16
-16
-14
-10
-8
-10
-11
-9
-10
-16
-15
-9
-2
1
-4
-12
-19
-25
-28
-26
-25
-24
-19
-15
-15
-14
-10
-10
-11
-11
-8
-11
-16
-15
-10
-2
0
-5
-13
-19
-25
-28
-26
-25
-23
-18
-15
-15
-13
-9
-8
-10
-10
-7
-11
-16
-16
-11
-4
-2
-7
-13
-20
-27
-28
-26
-26
-25
-19
-17
-17
-13
-9
-8
-9
-7
-5
-9
-13
-13
-8
0
0
-5
-12
-20
-27
-29
-27
-28
-26
-21
-20
-19
-15
-10
-9
-10
-6
-5
-9
-14
-14
-9
-2
-1
-5
-11
-18
-25
-26
-26
-28
-26
-22
-21
-20
-16
-11
-11
-10
-5
-4
-8
-13
-13
-7
-1
0
-4
-10
-17
-24
-25
-26
-28
-25
-22
-22
-21
-17
-13
-13
-10
-5
-4
-9
-14
-14
-8
-2
-3
-6
-11
-19
-24
-24
-26
-27
-24
-22
-21
-20
-16
-12
-11
-8
-2
-1
-6
-12
-12
-6
-2
-2
-6
-11
-21
-26
-26
-29
-30
-27
-24
-24
-22
-17
-14
-13
-8
-3
-2
-6
-10
-10
-4
1
0
-3
-10
-20
-24
-26
-28
-28
-26
-25
-26
-23
-18
-16
-15
-10
-5
-4
-7
-10
-8
-1
2
2
-1
-10
-20
-24
-27
-30
-29
-27
-25
-26
-22
-17
-15
-14
-9
-4
-4
-8
-12
-10
-3
0
0
-1
-9
-17
-20
-24
-27
-27
-25
-25
-26
-22
-18
-17
-16
-11
-6
-5
-9
-12
-9
-3
-1
0
-2
-11
-18
-22
-25
-28
-26
-24
-24
-24
-20
-16
-16
-14
-9
-4
-4
-9
-13
-10
-5
-3
0
-3
-11
-18
-22
-26
-28
-27
-24
-25
-25
-21
-17
-17
-14
-8
-4
-4
-9
-12
-9
-5
-2
1
-2
-10
-16
-20
-25
-27
-25
-23
-25
-25
-21
-19
-19
-17
-11
-7
-6
-12
-15
-11
-7
-3
1
-3
-9
-14
-18
-22
-23
-21
-20
-22
-23
-20
-18
-19
-16
-11
-6
-7
-14
-15
-12
-9
-4
-1
-5
-11
-15
-19
-24
-24
-21
-20
-22
-22
-18
-17
-17
-15
-10
-6
-7
-14
-15
-13
-10
-4
-1
-5
-10
-14
-18
-23
-23
-20
-20
-22
-21
-18
-18
-19
-16
-11
-6
-8
-14
-14
-13
-10
-4
-2
-6
-11
-15
-19
-24
-23
-20
-20
-22
-20
-17
-17
-17
-15
-9
-4
-9
-14
-14
-14
-10
-3
-1
-5
-9
-12
-18
-23
-23
-21
-22
-25
-22
-21
-21
-20
-18
-10
-5
-10
-13
-14
-14
-9
-3
-1
-4
-8
-11
-17
-21
-20
-19
-21
-23
-21
-20
-20
-20
-18
-10
-8
-12
-15
-16
-16
-11
-4
-3
-5
-6
-10
-15
-20
-19
-17
-21
-23
-21
-19
-19
-20
-16
-8
-7
-10
-13
-16
-16
-11
-5
-5
-7
-8
-13
-19
-23
-21
-19
-22
-22
-20
-18
-17
-18
-14
-6
-5
-8
-11
-15
-15
-10
-6
-6
-7
-9
-13
-19
-23
-20
-21
-24
-23
-22
-19
-20
-21
-14
-6
-5
-7
-9
-12
-12
-7
-4
-4
-6
-9
-13
-21
-24
-21
-23
-25
-25
-24
-21
-22
-22
-15
-8
-6
-7
-9
-12
-11
-5
-2
-2
-4
-6
-11
-20
-21
-20
-22
-24
-25
-24
-21
-24
-23
-15
-9
-7
-8
-11
-14
-12
-7
-4
-4
-6
-7
-13
-21
-21
-20
-21
-22
-24
-21
-19
-22
-20
-13
-8
-7
-7
-10
-13
-10
-6
-3
-3
-5
-6
-16
-23
-24
-24
-24
-26
-27
-23
-22
-24
-20
-13
-8
-5
-5
-8
-10
-8
-4
-2
-3
-3
-6
-16
-22
-23
-23
-23
-26
-26
-22
-22
-23
-20
-13
-8
-5
-5
-9
-11
-9
-4
-3
-4
-2
-6
-16
-21
-23
-24
-25
-29
-28
-25
-25
-26
-21
-14
-10
-5
-6
-9
-9
-8
-3
-3
-3
0
-5
-13
-18
-20
-20
-22
-25
-24
-22
-23
-25
-20
-15
-11
-7
-8
-11
-13
-11
-6
-7
-6
-2
-7
-14
-19
-20
-18
-21
-24
-23
-21
-24
-24
-19
-15
-9
-5
-6
-9
-12
-9
-7
-9
-6
-5
-9
-15
-20
-20
-19
-22
-24
-21
-20
-24
-23
-20
-16
-10
-8
-8
-11
-13
-8
-6
-7
-3
-3
-7
-13
-18
-18
-18
-21
-24
-21
-22
-25
-24
-21
-17
-11
-9
-9
-13
-13
-8
-8
-7
-3
-3
-7
-13
-18
-17
-17
-21
-22
-19
-21
-23
-23
-22
-17
-13
-11
-10
-14
-13
-9
-10
-7
-3
-3
-7
-14
-18
-16
-16
-20
-20
-19
-21
-22
-23
-21
-16
-14
-10
-11
-15
-12
-10
-11
-8
-5
-4
-7
-14
-17
-15
-15
-20
-19
-18
-21
-21
-23
-20
-16
-13
-9
-12
-15
-11
-11
-10
-7
-4
-3
-7
-15
-18
-17
-20
-23
-22
-22
-23
-24
-24
-20
-16
-11
-7
-11
-12
-9
-10
-9
-7
-3
-1
-5
-13
-15
-14
-19
-21
-20
-21
-22
-24
-25
-21
-19
-13
-11
-15
-13
-11
-11
-10
-7
-2
-1
-6
-13
-14
-14
-19
-20
-21
-22
-22
-26
-24
-21
-18
-11
-10
-13
-12
-11
-12
-11
-7
-2
-1
-7
-14
-15
-16
-20
-20
-22
-21
-22
-25
-22
-21
-17
-11
-12
-13
-11
-10
-10
-9
-5
0
1
-7
-13
-14
-18
-20
-22
-23
-22
-25
-25
-22
-21
-15
-10
-12
-13
-12
-10
-11
-10
-6
0
1
-7
-12
-14
-18
-20
-23
-23
-22
-26
-25
-23
-22
-15
-11
-12
-12
-10
-8
-8
-7
-3
3
1
-8
-12
-16
-20
-23
-26
-25
-26
-28
-26
-25
-22
-15
-11
-12
-11
-9
-8
-7
-7
-2
5
2
-6
-10
-15
-17
-21
-25
-23
-26
-27
-26
-27
-23
-16
-13
-14
-13
-11
-9
-8
-9
-2
4
0
-5
-10
-15
-17
-22
-23
-23
-27
-27
-25
-25
-20
-13
-11
-12
-11
-9
-9
-10
-10
-2
2
-1
-6
-12
-15
-17
-22
-22
-23
-27
-26
-27
-27
-21
-15
-12
-12
-10
-8
-7
-9
-9
-1
1
-2
-6
-12
-13
-18
-21
-20
-24
-26
-26
-28
-27
-21
-14
-13
-12
-11
-9
-8
-13
-11
-3
-1
-1
-7
-11
-11
-16
-18
-18
-22
-24
-26
-28
-28
-21
-16
-14
-13
-12
-8
-8
-13
-9
-3
-1
-2
-8
-10
-12
-17
-18
-19
-23
-24
-25
-28
-27
-21
-16
-14
-14
-12
-8
-10
-14
-10
-6
-2
-3
-8
-8
-11
-14
-14
-16
-19
-21
-23
-27
-25
-20
-17
-14
-15
-13
-8
-12
-14
-11
-7
-2
-5
-9
-10
-14
-17
-16
-18
-21
-21
-24
-27
-23
-19
-15
-13
-15
-10
-7
-12
-12
-10
-4
-1
-5
-8
-10
-15
-16
-15
-17
-19
-20
-24
-27
-24
-21
-17
-16
-17
-11
-10
-13
-13
-11
-4
-2
-6
-8
-12
-16
-17
-16
-18
-19
-19
-24
-25
-23
-19
-15
-17
-16
-9
-9
-11
-12
-9
-2
-1
-4
-6
-11
-16
-16
-16
-18
-19
-21
-26
-27
-26
-21
-17
-20
-16
-11
-10
-10
-12
-8
-2
-1
-4
-6
-11
-15
-15
-15
-17
-17
-20
-25
-26
-25
-19
-17
-19
-15
-11
-10
-11
-14
-9
-4
-3
-4
-7
-12
-16
-15
-17
-17
-17
-21
-25
-27
-26
-19
-19
-19
-14
-10
-7
-10
-12
-7
-2
-2
-2
-6
-12
-14
-15
-17
-17
-19
-23
-26
-30
-27
-20
-20
-19
-15
-11
-9
-13
-13
-7
-2
0
-1
-3
-10
-12
-13
-16
-16
-18
-22
-27
-31
-25
-21
-22
-20
-16
-11
-9
-13
-12
-6
-2
-1
0
-5
-11
-12
-15
-17
-17
-19
-21
-27
-29
-23
-21
-21
-19
-16
-11
-11
-14
-13
-7
-3
0
0
-6
-10
-12
-16
-16
-18
-20
-23
-29
-29
-24
-21
-20
-19
-14
-8
-9
-12
-10
-5
-2
1
1
-6
-9
-13
-17
-18
-20
-21
-25
-32
-30
-25
-22
-21
-20
-14
-8
-9
-12
-10
-5
-2
3
1
-5
-7
-13
-15
-17
-19
-20
-26
-31
-30
-26
-23
-22
-21
-14
-9
-11
-13
-9
-5
-1
4
1
-3
-7
-12
-14
-17
-19
-19
-26
-31
-29
-25
-22
-23
-21
-15
-10
-13
-14
-11
-8
-2
2
0
-2
-7
-11
-13
-17
-16
-19
-26
-29
-28
-24
-22
-22
-20
-13
-8
-12
-13
-12
-10
-3
-1
-2
-3
-8
-10
-12
-15
-14
-18
-25
-29
-27
-23
-22
-23
-21
-13
-11
-13
-13
-15
-11
-4
-2
-1
-4
-7
-8
-12
-13
-13
-18
-26
-30
-28
-24
-23
-24
-20
-11
-10
-11
-12
-14
-10
-5
-3
-1
-5
-8
-9
-12
-13
-13
-17
-25
-29
-27
-24
-23
-25
-20
-12
-11
-11
-14
-16
-11
-6
-2
-2
-5
-6
-9
-12
-12
-12
-17
-25
-28
-27
-23
-24
-26
-19
-13
-12
-12
-16
-16
-11
-7
-2
-3
-5
-5
-8
-10
-10
-10
-16
-24
-27
-25
-21
-24
-25
-18
-13
-11
-12
-17
-16
-12
-7
-3
-4
-6
-7
-10
-12
-11
-12
-18
-25
-28
-26
-22
-26
-25
-18
-13
-8
-10
-14
-14
-11
-6
-3
-4
-5
-7
-10
-12
-11
-12
-18
-24
-28
-24
-22
-27
-25
-20
-14
-9
-11
-14
-14
-11
-5
-3
-4
-4
-6
-10
-11
-10
-13
-19
-26
-29
-24
-25
-28
-25
-21
-13
-9
-10
-12
-13
-9
-3
-2
-2
-3
-6
-10
-10
-9
-12
-19
-28
-30
-26
-28
-30
-27
-22
-13
-9
-10
-12
-13
-9
-3
-1
-1
-2
-6
-9
-8
-8
-11
-18
-28
-29
-26
-29
-29
-28
-22
-14
-10
-11
-14
-14
-9
-4
-2
-2
-3
-7
-9
-7
-7
-8
-18
-27
-27
-27
-29
-31
-30
-23
-15
-11
-11
-14
-13
-7
-3
-1
0
-2
-7
-9
-8
-7
-9
-19
-27
-27
-27
-29
-31
-31
-23
-15
-10
-10
-13
-13
-9
-5
-3
-1
-3
-7
-8
-8
-6
-8
-19
-24
-25
-25
-26
-30
-30
-23
-16
-11
-12
-15
-14
-9
-5
-2
0
-2
-6
-9
-9
-6
-10
-21
-26
-27
-27
-29
-32
-31
-24
-16
-11
-12
-14
-13
-8
-5
-1
1
-1
-4
-7
-6
-2
-8
-17
-23
-24
-24
-28
-32
-31
-25
-17
-12
-14
-17
-15
-11
-8
-4
-3
-5
-7
-10
-6
-3
-9
-17
-22
-22
-22
-26
-30
-28
-22
-14
-10
-12
-15
-13
-10
-8
-3
-3
-5
-8
-11
-6
-4
-10
-18
-24
-24
-25
-28
-32
-30
-23
-15
-10
-13
-15
-12
-10
-6
-2
-2
-3
-8
-10
-4
-3
-9
-17
-22
-22
-23
-27
-30
-29
-23
-15
-11
-15
-15
-14
-13
-9
-6
-4
-5
-10
-10
-4
-4
-9
-17
-21
-21
-23
-26
-30
-29
-23
-14
-10
-13
-13
-14
-12
-8
-5
-3
-5
-10
-9
-4
-3
-9
-17
-21
-21
-23
-27
-30
-29
-22
-12
-11
-13
-14
-16
-13
-10
-7
-3
-6
-11
-9
-4
-3
-9
-17
-20
-21
-23
-27
-30
-30
-21
-12
-11
-12
-14
-16
-13
-11
-6
-3
-8
-12
-10
-5
-5
-11
-18
-20
-20
-22
-25
-29
-28
-19
-11
-10
-11
-14
-16
-14
-12
-6
-4
-8
-11
-8
-3
-4
-10
-18
-21
-22
-24
-27
-31
-30
-19
-13
-11
-11
-15
-15
-13
-10
-4
-2
-6
-10
-7
-3
-4
-11
-18
-20
-22
-23
-27
-33
-30
-21
-15
-12
-13
-15
-14
-14
-10
-3
-1
-5
-8
-5
-1
-2
-10
-16
-19
-22
-23
-29
-35
-31
-24
-17
-14
-15
-15
-16
-15
-10
-4
-2
-6
-8
-4
1
-1
-8
-14
-18
-20
-22
-28
-34
-30
-23
-16
-13
-14
-15
-16
-16
-11
-4
-3
-7
-9
-6
-1
-2
-9
-15
-19
-21
-23
-31
-35
-31
-23
-15
-12
-12
-12
-14
-14
-9
-3
-3
-7
-8
-5
0
-3
-8
-14
-19
-20
-24
-32
-36
-33
-25
-17
-15
-13
-14
-16
-15
-10
-3
-3
-7
-8
-3
1
-1
-6
-13
-18
-18
-24
-32
-36
-33
-24
-17
-13
-12
-13
-15
-16
-10
-4
-5
-9
-10
-5
-1
-2
-6
-13
-15
-16
-22
-30
-36
-33
-24
-17
-14
-12
-13
-16
-16
-10
-5
-6
-10
-10
-4
-1
-2
-6
-14
-15
-16
-22
-30
-36
-32
-24
-17
-13
-11
-12
-16
-16
-11
-6
-7
-12
-10
-5
-2
-1
-6
-12
-13
-15
-21
-30
-35
-31
-24
-18
-13
-11
-13
-17
-16
-10
-6
-7
-11
-9
-5
-1
0
-6
-11
-13
-16
-22
-32
-36
-32
-25
-18
-13
-10
-13
-16
-16
-10
-4
-7
-10
-9
-6
-1
-2
-8
-12
-14
-15
-22
-31
-35
-32
-25
-19
-14
-11
-14
-18
-17
-10
-5
-8
-9
-8
-4
0
-1
-7
-11
-13
-15
-23
-32
-36
-32
-25
-20
-13
-10
-13
-17
-16
-9
-6
-8
-9
-9
-5
0
-1
-6
-11
-11
-13
-22
-32
-36
-33
-27
-21
-13
-11
-13
-18
-16
-9
-7
-8
-10
-9
-4
0
-2
-7
-11
-11
-14
-22
-31
-35
-32
-26
-19
-12
-9
-12
-17
-15
-9
-8
-9
-11
-10
-4
0
-1
-7
-10
-11
-14
-22
-32
-36
-33
-29
-21
-14
-11
-13
-17
-13
-8
-7
-7
-10
-9
-4
-1
-2
-8
-10
-10
-13
-21
-30
-33
-32
-27
-20
-13
-9
-14
-17
-14
-10
-8
-9
-11
-10
-6
-2
-5
-9
-11
-10
-13
-21
-29
-33
-32
-28
-21
-13
-10
-14
-16
-13
-10
-7
-8
-10
-8
-4
-1
-4
-9
-11
-11
-14
-23
-31
-34
-33
-29
-21
-12
-10
-14
-15
-13
-9
-6
-7
-9
-8
-3
-1
-4
-8
-9
-8
-13
-23
-30
-35
-34
-31
-23
-14
-13
-16
-17
-15
-9
-7
-7
-9
-7
-2
-1
-4
-9
-9
-8
-14
-22
-30
-34
-33
-31
-21
-12
-11
-14
-16
-13
-8
-7
-7
-9
-7
-1
0
-3
-8
-8
-8
-14
-23
-32
-35
-36
-33
-23
-15
-14
-16
-17
-13
-9
-7
-7
-9
-5
0
1
-3
-7
-6
-8
-14
-23
-31
-35
-36
-32
-21
-14
-12
-16
-17
-14
-11
-8
-9
-9
-5
0
1
-4
-7
-6
-7
-12
-22
-29
-33
-37
-32
-22
-15
-13
-16
-17
-15
-11
-8
-10
-10
-6
-1
0
-5
-7
-6
-6
-12
-22
-28
-33
-36
-31
-21
-13
-12
-15
-17
-16
-11
-10
-11
-11
-6
-1
-1
-5
-6
-5
-5
-12
-21
-27
-34
-37
-32
-22
-15
-14
-16
-17
-15
-10
-9
-10
-10
-6
0
-2
-5
-7
-5
-5
-13
-20
-26
-33
-35
-30
-20
-14
-14
-16
-19
-16
-12
-11
-12
-12
-6
0
-1
-4
-6
-3
-4
-12
-19
-26
-33
-35
-31
-20
-14
-13
-15
-18
-15
-11
-10
-12
-12
-7
-3
-4
-6
-7
-4
-6
-12
-18
-26
-33
-36
-30
-20
-14
-12
-15
-17
-14
-11
-10
-13
-12
-5
-2
-1
-5
-5
-2
-6
-12
-19
-28
-36
-39
-33
-22
-15
-13
-15
-16
-14
-10
-10
-13
-10
-4
0
-2
-6
-5
-3
-6
-11
-19
-27
-36
-38
-31
-21
-14
-12
-15
-16
-14
-10
-11
-14
-11
-5
0
-1
-5
-3
-4
-7
-13
-20
-29
-38
-39
-33
-23
-15
-13
-15
-16
-14
-10
-11
-12
-10
-4
1
-2
-4
-2
-2
-5
-12
-19
-28
-37
-39
-33
-23
-15
-14
-15
-17
-13
-10
-12
-13
-10
-3
1
-2
-3
-2
-1
-4
-11
-17
-27
-37
-39
-34
-25
-18
-15
-17
-17
-12
-10
-11
-13
-11
-4
-1
-4
-4
-2
-1
-4
-9
-16
-27
-37
-40
-35
-25
-18
-15
-18
-17
-12
-11
-11
-13
-10
-3
-2
-4
-3
-2
0
-3
-7
-14
-26
-36
-40
-35
-26
-18
-16
-18
-16
-12
-10
-10
-13
-10
-5
-4
-6
-6
-3
-1
-3
-5
-13
-23
-34
-38
-35
-28
-19
-18
-20
-17
-13
-10
-12
-14
-9
-4
-3
-4
-3
-1
-1
-2
-5
-12
-24
-36
-40
-37
-29
-20
-19
-18
-16
-12
-8
-11
-13
-8
-5
-4
-5
-4
-1
-1
-1
-4
-11
-23
-34
-39
-37
-28
-20
-20
-19
-18
-13
-11
-15
-14
-9
-5
-3
-4
-2
0
0
0
-3
-11
-24
-35
-39
-37
-27
-21
-20
-20
-19
-13
-12
-16
-15
-10
-5
-4
-3
-1
1
2
1
-1
-9
-22
-32
-38
-35
-26
-22
-20
-21
-20
-14
-14
-17
-16
-10
-6
-5
-4
-2
0
1
1
-1
-10
-21
-32
-38
-34
-26
-21
-20
-21
-18
-13
-14
-16
-16
-10
-7
-6
-5
-3
-1
-1
1
-1
-9
-19
-31
-38
-33
-27
-21
-20
-22
-18
-14
-15
-17
-15
-9
-6
-5
-4
-2
-1
-1
2
-1
-9
-19
-32
-37
-33
-27
-20
-21
-22
-18
-15
-15
-17
-15
-9
-7
-6
-6
-3
-2
0
4
1
-6
-18
-31
-35
-33
-26
-21
-24
-24
-20
-16
-16
-18
-15
-10
-7
-6
-5
-3
-3
0
3
-1
-6
-18
-30
-35
-32
-24
-20
-23
-22
-19
-15
-16
-17
-14
-10
-7
-7
-5
-4
-4
0
2
0
-6
-19
-30
-36
-33
-24
-21
-23
-22
-18
-15
-17
-17
-14
-9
-7
-6
-4
-4
-4
0
0
0
-7
-20
-31
-37
-32
-24
-20
-21
-20
-15
-14
-17
-18
-16
-11
-9
-7
-4
-5
-4
-1
0
0
-7
-19
-30
-37
-33
-25
-21
-21
-19
-15
-14
-17
-19
-16
-11
-9
-5
-3
-4
-1
0
1
0
-9
-21
-33
-39
-33
-25
-21
-21
-18
-13
-12
-16
-18
-15
-12
-10
-6
-5
-5
-2
-1
3
1
-7
-18
-32
-38
-33
-26
-22
-22
-18
-14
-12
-16
-18
-14
-13
-10
-7
-7
-5
-4
-1
2
0
-6
-19
-33
-37
-32
-24
-22
-20
-16
-12
-12
-16
-16
-14
-13
-10
-8
-8
-6
-4
0
3
0
-6
-20
-34
-39
-33
-26
-25
-23
-18
-13
-12
-15
-14
-13
-12
-8
-7
-6
-5
-5
0
2
1
-5
-19
-33
-38
-32
-26
-24
-22
-17
-11
-12
-15
-14
-15
-13
-10
-9
-7
-6
-5
-1
2
2
-5
-19
-33
-37
-33
-27
-25
-23
-18
-12
-14
-15
-14
-14
-11
-9
-8
-6
-6
-3
1
3
3
-4
-18
-32
-36
-32
-28
-25
-23
-16
-12
-15
-15
-15
-15
-13
-11
-9
-7
-7
-3
1
4
4
-3
-18
-33
-37
-34
-29
-27
-25
-17
-14
-15
-15
-16
-14
-11
-10
-7
-5
-5
-2
2
5
5
-2
-18
-32
-36
-33
-28
-28
-24
-17
-16
-16
-17
-18
-17
-16
-12
-9
-7
-5
-1
3
7
8
0
-17
-31
-36
-33
-29
-30
-25
-18
-16
-15
-16
-17
-16
-16
-12
-8
-7
-4
-1
3
7
9
0
-16
-30
-35
-32
-30
-30
-23
-18
-16
-16
-17
-18
-18
-17
-13
-10
-8
-5
0
3
8
11
2
-14
-29
-35
-32
-33
-31
-25
-21
-18
-17
-17
-17
-17
-15
-12
-9
-8
-5
-2
1
8
10
2
-13
-28
-32
-30
-32
-29
-24
-21
-18
-18
-18
-18
-17
-15
-12
-9
-8
-5
-3
1
8
10
2
-14
-29
-32
-31
-32
-29
-24
-19
-17
-17
-18
-18
-18
-16
-12
-10
-9
-6
-5
0
8
9
3
-13
-26
-28
-30
-30
-27
-24
-21
-19
-19
-18
-18
-18
-15
-12
-11
-9
-6
-6
0
7
9
2
-15
-26
-29
-31
-31
-28
-24
-20
-18
-17
-17
-17
-16
-13
-11
-10
-7
-7
-7
-1
6
9
2
-14
-23
-27
-30
-30
-29
-25
-21
-20
-19
-19
-19
-18
-14
-13
-12
-9
-9
-7
-1
6
11
2
-13
-21
-27
-30
-30
-28
-23
-19
-17
-16
-15
-17
-15
-13
-13
-11
-9
-10
-8
-3
6
11
1
-13
-21
-27
-30
-31
-29
-25
-21
-20
-18
-18
-19
-17
-14
-13
-11
-10
-10
-8
-3
8
12
2
-11
-20
-27
-30
-31
-28
-24
-20
-18
-16
-17
-18
-15
-15
-15
-12
-13
-12
-11
-4
8
11
2
-9
-19
-25
-30
-31
-28
-24
-20
-17
-15
-17
-17
-15
-16
-14
-12
-12
-12
-11
-3
9
10
2
-9
-19
-25
-30
-31
-28
-23
-20
-17
-16
-18
-17
-16
-17
-15
-13
-13
-13
-12
-3
9
9
1
-9
-18
-24
-28
-30
-26
-22
-19
-16
-16
-19
-18
-18
-17
-15
-13
-11
-12
-12
-2
9
9
2
-9
-18
-25
-29
-30
-26
-23
-20
-16
-17
-19
-17
-18
-17
-15
-13
-12
-14
-12
-2
9
9
2
-8
-17
-23
-28
-29
-26
-24
-21
-18
-20
-20
-19
-19
-16
-15
-11
-10
-13
-11
-1
8
9
1
-9
-17
-23
-28
-27
-24
-23
-19
-18
-19
-19
-19
-19
-18
-17
-13
