0
0
-1
-1
-4
-2
-1
-3
0
-1
-1
-1
-1
-1
1
-3
-4
-2
-5
-6
0
11
11
13
20
19
14
8
-4
-20
-29
-34
-40
-47
-36
-25
-9
8
22
35
42
50
50
37
28
22
2
-12
-21
-38
-45
-46
-51
-53
-42
-26
-1
16
19
31
31
35
49
34
22
18
-8
-20
-12
-21
-25
-15
-8
-12
-15
-23
-17
-16
-35
-19
8
32
67
76
67
43
-4
-32
-33
-33
-29
-18
-16
-16
-24
-47
-53
-42
-47
-23
24
56
82
84
72
57
17
-22
-23
-32
-45
-39
-34
-13
3
-19
-28
-15
-37
-47
-19
0
29
51
54
53
42
21
25
25
-6
-19
-33
-33
-17
-41
-48
-30
-34
-34
-11
16
46
69
69
64
48
14
-3
-3
-38
-57
-48
-44
-15
-28
-46
-12
-6
-27
-39
-31
10
41
59
84
89
50
-5
-18
-45
-66
-43
-44
-21
-6
-19
17
55
47
16
-14
8
31
25
36
44
20
-23
-13
-25
-64
-49
-39
-18
-12
-49
-50
-23
2
10
-2
16
52
62
68
72
58
3
-17
-29
-69
-61
-42
-1
21
-15
-42
-19
4
4
-27
-29
8
29
61
99
120
57
0
-27
-72
-87
-84
-49
-12
-17
-27
1
31
38
-1
-37
-39
-19
15
65
123
94
50
31
-20
-71
-109
-105
-70
-62
-76
-45
21
73
66
26
18
31
52
71
113
76
2
-23
-53
-89
-118
-94
-45
-11
-19
-17
20
52
48
4
-31
-12
22
46
114
127
78
27
-17
-69
-125
-127
-89
-49
-54
-64
-32
6
33
30
-4
-4
16
23
88
124
92
50
16
-20
-63
-81
-61
-27
-39
-73
-69
-42
-9
19
11
12
33
28
69
107
92
56
31
-3
-53
-79
-74
-34
-15
-45
-69
-59
-35
-1
-2
2
19
11
49
98
109
88
78
56
-2
-52
-74
-48
-8
-18
-45
-48
-48
-30
-43
-55
-40
-57
-41
25
76
86
93
83
37
-16
-50
-36
2
-2
-32
-38
-37
-11
-11
-33
-23
-47
-46
10
64
82
97
100
59
3
-44
-43
7
27
-8
-37
-57
-29
-10
-28
-23
-37
-59
-29
26
52
73
77
53
14
-35
-53
-12
41
31
-10
-48
-42
-20
-32
-30
-42
-84
-70
-8
31
73
89
67
38
-6
-41
-26
31
43
9
-35
-29
3
8
16
11
-48
-80
-41
-9
31
62
54
32
2
-31
-41
8
45
32
-13
-19
8
12
11
20
-33
-96
-76
-42
0
45
56
51
33
0
-28
-2
29
26
-24
-54
-37
-18
-9
23
7
-55
-61
-49
-15
33
52
49
37
14
-17
-1
40
61
23
-17
-20
-10
-19
-3
-5
-59
-69
-62
-31
20
47
56
54
33
-10
-21
12
50
31
-10
-22
-8
-25
-14
0
-45
-55
-53
-35
15
50
56
52
37
-11
-50
-29
28
35
1
-16
6
-3
1
19
-21
-53
-71
-71
-34
12
37
52
60
31
-18
-24
21
42
13
-24
-12
-16
-13
9
-12
-36
-57
-62
-34
17
48
64
75
55
0
-30
1
39
29
-4
6
4
4
24
5
-32
-71
-98
-99
-53
-7
21
57
68
31
-16
-10
33
33
-12
-18
-20
-15
19
29
15
-22
-55
-79
-48
-4
20
52
69
44
-6
-22
17
39
-3
-24
-39
-41
-10
9
13
-8
-28
-56
-43
-1
23
52
79
75
29
-17
3
43
18
-9
-34
-51
-30
-10
-4
-29
-47
-78
-79
-30
7
42
81
96
71
9
1
41
28
4
-29
-55
-47
-26
-13
-31
-37
-66
-83
-39
-2
26
62
87
82
20
-11
29
36
26
0
-32
-37
-22
-3
-20
-27
-51
-82
-52
-10
17
54
86
100
45
-15
4
19
19
4
-25
-37
-26
-5
-20
-26
-44
-85
-75
-39
-7
27
67
107
75
2
-2
13
26
25
1
-24
-28
-3
-13
-20
-33
-81
-91
-62
-27
7
43
97
98
30
5
13
31
35
17
-20
-38
-16
-20
-22
-24
-63
-86
-70
-37
-5
28
90
115
62
22
17
32
38
31
-11
-50
-34
-31
-29
-21
-49
-81
-82
-55
-25
1
60
110
81
32
16
29
38
47
14
-40
-37
-33
-31
-18
-33
-65
-84
-66
-36
-18
33
95
92
45
11
19
25
45
29
-25
-32
-28
-26
-15
-18
-48
-81
-76
-45
-28
19
92
117
81
34
27
19
42
43
-13
-35
-40
-42
-31
-24
-40
-78
-87
-61
-48
-13
60
113
98
48
34
15
32
53
4
-30
-41
-45
-37
-27
-28
-61
-84
-67
-58
-38
23
96
111
68
52
26
30
63
29
-11
-35
-49
-47
-36
-24
-43
-77
-71
-62
-51
-7
71
114
83
66
36
25
62
50
14
-14
-34
-41
-40
-28
-39
-75
-81
-77
-69
-42
34
101
89
74
40
8
39
48
21
-8
-29
-39
-42
-28
-28
-62
-75
-74
-68
-56
8
93
105
102
72
26
40
60
42
8
-20
-37
-48
-40
-35
-64
-85
-88
-83
-85
-38
57
95
106
87
35
31
57
58
32
6
-15
-34
-30
-21
-41
-65
-76
-75
-90
-70
14
66
95
93
47
26
49
64
40
10
-16
-44
-49
-39
-49
-68
-80
-72
-83
-78
-4
56
96
110
71
30
39
65
53
27
5
-25
-37
-30
-31
-51
-76
-69
-80
-91
-34
29
80
108
83
31
18
48
47
26
7
-24
-40
-33
-24
-33
-64
-60
-70
-95
-58
0
60
105
102
53
19
43
52
34
18
-14
-37
-39
-27
-25
-57
-59
-63
-96
-82
-34
28
87
110
72
19
30
49
39
29
2
-23
-32
-24
-12
-43
-52
-50
-83
-85
-52
3
67
114
100
40
31
48
40
31
6
-22
-41
-39
-18
-42
-56
-48
-75
-90
-72
-26
34
99
117
61
35
49
47
38
13
-17
-44
-54
-27
-39
-56
-44
-59
-78
-73
-36
15
85
126
82
39
43
46
43
27
3
-27
-48
-27
-31
-54
-49
-57
-79
-84
-57
-17
54
122
103
54
43
46
45
33
16
-13
-44
-31
-24
-47
-51
-55
-79
-95
-77
-46
17
101
116
74
51
50
54
46
34
5
-37
-38
-25
-44
-57
-57
-75
-97
-85
-64
-16
76
119
91
58
53
60
54
47
25
-23
-40
-27
-38
-59
-59
-68
-92
-85
-72
-41
47
116
112
72
53
55
47
42
30
-12
-40
-29
-26
-47
-50
-54
-87
-93
-87
-73
1
89
118
88
61
59
51
48
45
10
-30
-31
-20
-41
-48
-44
-76
-90
-89
-90
-41
47
104
93
65
60
52
50
55
33
-10
-27
-16
-33
-49
-42
-68
-86
-85
-97
-71
9
88
102
75
66
60
58
66
55
13
-19
-12
-24
-47
-42
-62
-86
-90
-105
-99
-36
57
98
81
67
60
55
61
60
25
-19
-18
-20
-42
-37
-49
-74
-79
-92
-100
-61
29
91
91
75
66
57
61
69
45
-4
-15
-14
-37
-36
-43
-69
-80
-91
-109
-95
-18
61
85
77
66
57
57
73
68
21
1
1
-19
-25
-30
-56
-73
-83
-104
-113
-56
29
74
75
63
52
44
60
70
34
6
5
-13
-21
-22
-42
-63
-71
-90
-116
-84
-2
61
76
68
56
41
50
70
44
12
8
-6
-16
-13
-26
-51
-60
-75
-111
-106
-39
37
70
68
60
40
42
68
56
22
13
1
-11
-8
-13
-41
-56
-63
-101
-118
-73
8
61
70
69
47
36
61
60
25
8
-4
-17
-17
-10
-32
-48
-47
-77
-107
-91
-20
45
66
76
59
38
57
67
38
14
-2
-20
-27
-14
-28
-47
-42
-61
-95
-103
-48
25
60
80
72
44
52
69
51
25
8
-10
-25
-14
-22
-46
-45
-54
-84
-111
-78
-5
40
69
74
46
43
65
60
36
16
-1
-24
-16
-17
-43
-47
-48
-68
-105
-96
-29
25
65
84
59
43
62
68
47
26
11
-18
-16
-13
-37
-50
-51
-60
-99
-110
-56
5
54
86
71
44
55
71
57
38
26
-7
-14
-9
-27
-49
-57
-58
-94
-124
-89
-30
26
74
78
51
50
71
65
45
36
1
-15
-9
-17
-39
-53
-48
-76
-116
-104
-53
5
64
90
68
53
70
69
50
44
14
-9
-6
-5
-24
-48
-43
-60
-106
-119
-85
-31
33
78
71
50
65
72
57
54
28
-1
-8
-4
-16
-47
-47
-54
-95
-125
-109
-62
1
64
80
58
67
81
68
66
46
14
-4
-2
-5
-36
-40
-38
-70
-113
-118
-89
-37
32
69
51
53
72
69
73
62
34
6
1
2
-29
-42
-37
-54
-95
-113
-97
-58
7
61
53
47
64
64
72
66
45
12
-1
7
-17
-39
-37
-43
-79
-110
-108
-82
-25
47
57
49
62
64
71
69
56
22
1
11
-3
-28
-34
-32
-62
-101
-112
-101
-57
22
54
49
59
62
69
70
68
37
8
15
10
-16
-31
-27
-49
-91
-112
-114
-87
-10
41
46
53
56
62
65
71
49
15
14
17
-3
-26
-23
-34
-72
-102
-116
-110
-44
23
45
55
60
65
65
76
62
26
13
20
11
-16
-18
-20
-53
-88
-111
-125
-78
-8
30
45
53
61
60
76
71
38
14
16
16
-10
-18
-13
-37
-69
-96
-125
-102
-36
14
35
46
57
54
69
74
50
18
11
18
-3
-16
-7
-19
-46
-72
-110
-109
-57
0
29
42
56
50
64
77
65
30
11
18
1
-19
-12
-18
-41
-62
-101
-118
-83
-22
15
31
50
44
55
73
74
46
16
19
8
-14
-11
-13
-31
-46
-83
-113
-100
-42
5
28
52
49
52
68
79
60
25
22
16
-8
-13
-15
-32
-44
-74
-112
-120
-72
-16
17
49
52
51
61
79
73
36
25
23
1
-9
-9
-22
-32
-56
-95
-122
-91
-35
3
42
52
51
55
75
80
46
25
22
3
-11
-11
-22
-29
-46
-80
-123
-113
-63
-21
25
47
54
53
73
91
66
39
34
17
1
-1
-11
-19
-32
-58
-112
-123
-86
-45
5
35
50
46
60
87
75
45
34
19
0
-2
-8
-16
-25
-39
-93
-123
-103
-67
-17
20
46
42
49
81
85
57
42
30
7
-2
-7
-15
-22
-24
-72
-117
-116
-88
-38
6
44
48
47
76
93
74
55
44
22
6
-2
-11
-22
-14
-49
-101
-120
-106
-64
-23
23
36
31
54
82
77
60
50
31
10
2
-6
-22
-10
-30
-78
-112
-114
-81
-44
10
36
31
44
76
84
69
58
41
19
8
2
-20
-11
-18
-59
-102
-117
-93
-61
-6
32
33
36
64
82
72
61
50
28
17
12
-14
-9
-10
-40
-90
-122
-110
-87
-34
14
27
25
47
74
72
60
53
33
22
23
-2
-3
0
-17
-65
-111
-112
-102
-57
-1
28
30
44
73
79
66
60
38
20
21
-2
-8
-4
-6
-43
-95
-110
-113
-83
-28
15
23
32
62
80
74
72
51
28
28
7
-6
-6
0
-25
-79
-105
-118
-101
-52
1
18
23
49
75
74
76
59
33
32
14
-1
-8
3
-8
-57
-91
-116
-114
-76
-18
13
18
36
67
72
78
68
42
38
25
10
-6
4
5
-33
-70
-101
-113
-93
-39
1
9
20
50
61
71
68
43
37
26
15
-7
-1
9
-16
-52
-88
-109
-109
-64
-13
3
11
41
57
74
78
59
46
35
28
0
-2
11
-3
-35
-73
-101
-117
-86
-30
-3
4
29
45
64
75
61
47
35
33
6
-5
8
5
-18
-55
-86
-114
-102
-48
-9
1
23
39
59
76
71
55
38
40
14
-5
2
6
-9
-44
-75
-111
-118
-71
-23
-6
17
32
52
72
76
63
41
44
24
0
-1
6
0
-30
-59
-98
-123
-94
-42
-17
9
25
46
69
81
75
49
50
34
8
-3
3
4
-18
-43
-79
-119
-111
-64
-34
-5
12
32
56
78
84
58
57
47
23
4
4
8
-10
-32
-62
-109
-121
-83
-50
-20
-2
18
39
65
83
63
60
57
41
16
8
13
-2
-22
-47
-95
-125
-101
-67
-32
-9
14
34
61
88
72
65
61
50
23
8
13
4
-13
-31
-74
-118
-113
-85
-49
-25
1
19
44
78
72
63
57
54
31
10
13
9
-5
-16
-50
-101
-115
-99
-64
-39
-8
11
33
73
80
75
66
67
48
22
17
14
1
-7
-31
-82
-113
-110
-79
-55
-23
-5
13
52
71
71
59
62
50
25
16
16
4
-1
-14
-58
-99
-111
-88
-66
-31
-10
4
42
70
79
66
69
63
39
24
21
9
3
-5
-41
-87
-114
-100
-84
-49
-25
-14
19
54
75
66
68
69
50
30
24
14
5
2
-23
-66
-105
-101
-91
-58
-30
-18
7
41
72
68
66
70
56
35
27
18
9
7
-9
-49
-96
-104
-103
-72
-39
-25
-6
25
64
69
65
70
63
42
34
26
15
11
3
-29
-80
-100
-110
-87
-52
-34
-20
4
48
64
63
67
68
50
39
31
20
13
12
-9
-60
-89
-109
-97
-64
-38
-24
-7
37
63
65
66
69
53
39
31
21
12
14
5
-39
-72
-103
-105
-81
-53
-36
-25
17
54
65
65
72
61
47
36
27
14
16
18
-17
-53
-91
-106
-93
-63
-43
-38
-4
38
60
63
73
67
52
40
32
16
13
20
-5
-36
-77
-101
-102
-74
-48
-43
-18
22
54
60
70
70
56
41
34
17
9
19
8
-16
-56
-87
-102
-82
-52
-46
-31
5
44
56
67
73
64
49
43
25
11
17
12
-6
-43
-76
-104
-96
-66
-54
-44
-15
27
47
61
72
69
54
50
34
17
17
15
5
-28
-60
-97
-102
-75
-57
-49
-28
13
40
55
69
73
60
57
45
26
21
20
16
-12
-42
-86
-109
-92
-70
-60
-45
-6
28
47
64
74
64
61
52
35
25
23
24
2
-23
-68
-103
-100
-80
-69
-62
-29
10
36
57
73
67
65
60
44
29
22
26
10
-7
-48
-90
-103
-85
-69
-66
-41
-3
25
47
69
67
66
63
52
37
28
32
20
8
-27
-73
-101
-94
-77
-77
-61
-27
6
31
58
63
65
64
56
40
28
32
23
18
-8
-51
-92
-97
-79
-77
-69
-41
-7
22
53
65
69
69
67
50
33
34
26
23
5
-32
-80
-100
-85
-80
-77
-57
-25
4
37
56
63
64
69
58
41
39
31
30
18
-10
-61
-95
-88
-81
-80
-67
-37
-7
27
51
63
63
71
62
44
39
30
30
22
5
-41
-88
-93
-85
-85
-78
-55
-26
9
38
58
61
72
68
51
45
36
36
30
23
-14
-69
-90
-86
-84
-82
-64
-39
-6
27
53
57
69
72
56
46
35
32
25
25
2
-51
-83
-85
-82
-82
-71
-49
-21
11
43
50
63
70
59
50
40
38
29
33
22
-25
-70
-83
-84
-86
-82
-65
-38
-6
33
45
59
70
65
55
43
39
28
30
30
-6
-55
-78
-80
-82
-80
-68
-46
-18
22
38
52
65
66
59
47
45
33
32
38
16
-34
-69
-79
-84
-86
-78
-62
-39
3
25
42
57
63
61
47
47
34
29
39
30
-13
-56
-74
-79
-82
-77
-64
-46
-6
22
41
56
65
65
51
50
38
27
36
38
6
-41
-68
-78
-85
-83
-75
-65
-29
3
28
43
57
63
51
53
44
30
34
44
27
-18
-53
-68
-78
-81
-76
-72
-40
-8
23
41
56
67
55
54
48
32
30
42
38
-1
-42
-63
-78
-85
-83
-85
-61
-28
8
30
49
66
59
57
54
39
29
38
44
17
-25
-49
-68
-76
-77
-85
-71
-44
-6
19
40
62
61
59
59
48
31
33
44
29
-13
-43
-67
-79
-79
-87
-80
-61
-22
6
30
58
64
64
66
60
42
35
47
43
8
-26
-54
-72
-74
-84
-84
-74
-41
-11
12
42
53
54
56
56
41
29
41
49
24
-8
-41
-63
-69
-77
-82
-82
-54
-23
1
34
54
59
61
66
55
38
42
55
38
9
-27
-57
-67
-77
-83
-90
-69
-39
-15
17
41
49
49
56
54
37
36
54
50
29
-6
-41
-58
-69
-77
-92
-80
-54
-29
3
34
50
51
59
62
46
37
51
54
41
9
-26
-50
-64
-71
-89
-88
-66
-42
-13
20
44
48
54
62
49
34
42
49
45
20
-15
-44
-60
-64
-82
-89
-73
-51
-25
8
40
49
54
65
59
41
42
50
54
36
2
-32
-55
-60
-77
-91
-85
-66
-43
-12
25
41
46
60
61
44
40
45
55
46
20
-15
-44
-51
-67
-84
-88
-75
-56
-29
11
35
41
56
65
52
42
41
52
49
31
-2
-38
-47
-59
-77
-87
-78
-62
-41
-3
28
37
49
63
57
46
41
50
54
44
16
-23
-39
-52
-70
-88
-86
-73
-57
-22
15
28
40
58
59
49
39
45
51
50
30
-10
-32
-44
-59
-80
-84
-75
-65
-36
4
24
34
51
60
54
42
44
51
56
45
9
-22
-38
-51
-75
-86
-80
-74
-52
-12
16
28
44
56
55
42
40
44
53
52
23
-10
-31
-41
-65
-81
-81
-79
-65
-28
6
22
36
53
57
46
40
40
51
58
40
9
-18
-29
-51
-75
-82
-86
-81
-51
-12
12
28
49
61
53
45
39
44
54
45
17
-12
-23
-42
-65
-74
-78
-80
-59
-22
5
19
38
54
53
47
39
41
52
52
31
-2
-16
-31
-56
-71
-78
-85
-74
-40
-7
9
28
49
55
54
45
43
50
57
45
11
-9
-24
-49
-69
-78
-87
-84
-56
-19
1
19
42
53
55
45
39
43
54
52
23
1
-14
-36
-57
-69
-79
-86
-67
-30
-6
12
34
49
57
50
42
40
50
57
35
10
-6
-25
-48
-63
-74
-88
-81
-49
-21
-3
19
37
50
49
44
38
46
61
49
25
7
-13
-38
-57
-69
-87
-91
-65
-35
-11
11
31
49
53
51
43
44
60
56
35
15
-4
-26
-48
-60
-78
-92
-76
-48
-22
0
19
40
47
50
42
37
53
58
43
23
7
-13
-37
-50
-69
-91
-85
-63
-37
-12
9
33
46
55
49
39
50
60
51
31
14
-4
-30
-44
-60
-85
-88
-73
-47
-21
-1
24
38
52
53
39
44
56
55
37
20
6
-20
-36
-49
-75
-86
-80
-58
-32
-12
12
27
45
54
43
42
54
60
47
29
16
-10
-29
-41
-66
-84
-87
-69
-43
-22
3
17
36
51
45
40
49
62
55
38
27
1
-20
-33
-56
-78
-91
-80
-56
-33
-6
10
30
50
49
41
44
59
59
43
32
10
-13
-27
-46
-67
-86
-83
-64
-42
-14
2
20
44
51
43
37
51
58
47
41
24
1
-14
-33
-55
-80
-88
-76
-57
-30
-12
5
30
45
44
35
47
59
52
48
33
9
-8
-26
-44
-71
-86
-80
-64
-36
-15
0
25
45
51
39
42
55
51
47
36
16
0
-17
-32
-58
-80
-84
-76
-50
-26
-12
10
34
49
39
38
53
53
52
45
28
10
-8
-21
-45
-71
-83
-83
-61
-37
-21
-3
21
44
39
35
48
52
54
51
36
19
-2
-14
-34
-61
-78
-87
-71
-46
-26
-8
13
41
44
35
45
49
52
50
41
26
4
-8
-24
-48
-68
-83
-77
-56
-36
-19
-2
31
43
36
43
48
54
54
47
34
10
-3
-17
-38
-59
-81
-83
-66
-45
-28
-15
17
38
35
40
46
53
55
53
43
19
3
-10
-28
-48
-73
-82
-72
-50
-29
-19
8
34
36
38
41
47
51
51
46
26
10
-3
-18
-36
-63
-80
-81
-63
-40
-31
-8
22
32
37
39
47
52
56
56
39
20
5
-9
-25
-51
-75
-86
-76
-51
-42
-22
9
26
33
36
45
51
56
61
49
31
14
-1
-15
-39
-65
-83
-82
-58
-46
-31
-1
21
33
36
42
46
50
57
50
34
18
3
-8
-27
-50
-74
-85
-66
-53
-40
-14
10
28
33
39
44
49
58
57
44
28
9
-2
-18
-40
-66
-87
-75
-62
-51
-30
-4
20
28
36
43
47
57
61
54
38
18
6
-8
-25
-50
-79
-77
-64
-55
-38
-14
11
24
31
37
40
49
56
54
42
22
9
-4
-18
-37
-69
-77
-69
-60
-47
-26
0
17
29
37
40
49
58
59
51
32
16
1
-11
-25
-58
-76
-74
-65
-55
-38
-12
8
22
32
37
44
54
60
59
42
26
8
-5
-15
-46
-71
-76
-68
-60
-46
-21
0
16
28
33
38
47
56
58
47
32
13
-1
-7
-30
-59
-73
-70
-63
-52
-31
-9
9
23
30
36
44
53
61
55
43
23
6
0
-18
-48
-72
-76
-71
-63
-44
-21
0
16
27
33
40
49
59
58
50
33
13
7
-5
-33
-61
-71
-70
-64
-50
-30
-9
8
21
26
32
38
50
53
51
38
18
11
5
-16
-47
-63
-68
-66
-56
-38
-18
1
16
23
30
37
50
56
56
47
25
12
8
-7
-39
-62
-71
-72
-65
-48
-27
-6
11
20
28
33
45
53
58
55
36
18
13
5
-23
-50
-66
-72
-69
-56
-38
-17
3
15
25
30
39
47
54
56
42
20
13
11
-9
-37
-59
-69
-72
-62
-46
-26
-4
10
22
27
36
44
52
58
50
28
15
15
2
-24
-49
-63
-71
-67
-54
-37
-16
0
15
21
30
40
49
58
58
38
20
19
10
-11
-38
-56
-69
-70
-62
-47
-24
-7
9
19
26
33
42
54
62
46
26
21
16
2
-25
-47
-65
-71
-67
-56
-36
-17
2
14
22
31
39
51
66
57
35
24
20
11
-14
-38
-61
-71
-70
-62
-44
-25
-5
8
17
26
33
42
60
60
42
27
21
16
-4
-26
-51
-68
-71
-67
-51
-32
-12
3
12
21
30
36
56
64
51
35
26
24
9
-10
-38
-61
-72
-74
-61
-43
-22
-3
9
18
27
30
46
60
56
39
27
26
16
1
-26
-52
-69
-77
-69
-54
-34
-12
2
14
26
28
41
58
60
44
28
26
18
11
-10
-37
-57
-71
-71
-61
-44
-20
-4
9
24
27
38
55
64
52
33
26
18
14
-2
-28
-51
-69
-74
-69
-56
-33
-15
-2
16
22
32
49
66
63
43
32
22
20
9
-14
-37
-60
-71
-70
-62
-41
-23
-10
9
17
25
39
60
64
48
36
21
19
13
-5
-27
-50
-64
-68
-66
-49
-30
-17
3
12
19
29
51
65
56
44
27
23
19
6
-15
-40
-59
-67
-70
-57
-37
-24
-5
7
16
22
42
63
61
51
32
24
22
12
-6
-32
-54
-65
-73
-63
-45
-32
-15
0
11
14
31
55
62
59
42
31
30
24
11
-14
-42
-58
-72
-69
-53
-40
-23
-9
7
9
20
45
56
59
45
31
26
22
14
-6
-32
-48
-66
-69
-57
-44
-27
-14
6
8
15
38
54
62
51
34
25
21
17
3
-20
-36
-56
-66
-60
-49
-35
-24
-3
2
5
25
44
60
58
43
30
24
21
13
-9
-26
-47
-62
-62
-54
-40
-31
-9
-1
0
15
34
55
60
49
34
24
21
16
-3
-20
-40
-58
-63
-58
-45
-39
-17
-3
-1
10
27
50
64
59
45
32
25
22
5
-11
-31
-52
-64
-64
-50
-45
-26
-10
-6
2
14
37
57
60
51
36
27
27
13
-1
-21
-43
-59
-64
-53
-49
-33
-14
-7
-3
6
26
48
59
56
42
30
29
19
7
-11
-31
-51
-63
-56
-55
-42
-21
-11
-4
1
16
40
56
59
47
33
31
24
15
-2
-21
-43
-62
-59
-59
-50
-30
-16
-8
-4
7
29
50
61
55
39
34
27
21
7
-10
-32
-56
-58
-59
-54
-38
-22
-13
-9
-2
17
39
57
58
44
36
29
24
12
-2
-22
-48
-55
-59
-57
-45
-28
-15
-9
-6
8
31
54
63
52
42
34
30
19
7
-10
-39
-53
-60
-62
-54
-37
-22
-13
-11
-1
18
44
61
56
47
36
32
22
12
0
-28
-46
-56
-62
-59
-45
-29
-16
-13
-7
8
33
56
59
51
38
34
25
17
10
-14
-37
-50
-59
-60
-50
-34
-19
-13
-8
1
23
50
61
56
41
37
27
20
16
-4
-29
-46
-57
-64
-58
-45
-28
-20
-15
-10
8
37
56
60
47
42
34
25
24
10
-14
-34
-49
-60
-60
-52
-35
-23
-16
-13
-1
25
49
61
50
44
36
26
25
17
-4
-26
-42
-57
-62
-58
-42
-28
-18
-15
-8
14
40
59
54
48
40
29
25
22
4
-18
-36
-51
-59
-59
-47
-33
-21
-18
-14
0
26
53
55
51
44
32
25
24
12
-10
-29
-46
-56
-61
-52
-39
-24
-17
-15
-5
18
48
58
57
50
38
27
26
19
0
-19
-38
-50
-59
-55
-45
-31
-22
-21
-18
-2
28
47
52
51
44
31
30
26
12
-6
-27
-41
-54
-56
-49
-36
-25
-20
-20
-10
18
42
54
55
50
34
27
25
14
-2
-23
-38
-52
-58
-55
-42
-29
-20
-20
-16
7
34
50
54
53
38
31
30
22
9
-11
-27
-44
-53
-55
-47
-34
-23
-22
-21
-5
22
43
52
56
43
32
28
23
14
-4
-21
-38
-50
-56
-51
-40
-27
-22
-24
-15
10
35
48
58
49
37
31
27
20
6
-11
-29
-45
-55
-54
-45
-30
-21
-23
-21
-2
24
40
55
51
40
33
29
25
13
-3
-21
-38
-51
-56
-52
-37
-25
-24
-27
-15
11
30
51
55
47
39
34
31
22
9
-10
-27
-44
-53
-55
-44
-31
-25
-30
-24
-1
19
44
54
51
42
34
31
22
11
-6
-24
-41
-51
-55
-48
-35
-22
-25
-26
-8
9
36
52
56
50
42
38
30
18
2
-17
-35
-49
-57
-53
-43
-28
-28
-32
-18
-3
24
46
56
54
45
40
34
25
12
-7
-25
-41
-54
-55
-49
-31
-25
-30
-22
-12
12
35
50
52
44
39
35
29
19
3
-16
-33
-48
-53
-53
-34
-23
-29
-26
-22
-2
23
44
53
49
42
37
32
25
11
-7
-24
-43
-52
-59
-44
-28
-30
-27
-25
-10
13
38
52
52
47
41
35
30
19
3
-15
-35
-48
-62
-52
-35
-33
-30
-29
-19
1
27
48
55
52
46
39
34
24
10
-6
-28
-40
-58
-57
-40
-33
-28
-29
-23
-9
15
39
49
49
45
37
34
26
14
0
-21
-31
-52
-58
-44
-34
-28
-29
-27
-17
4
31
49
54
53
44
40
34
24
11
-12
-24
-46
-59
-51
-41
-32
-31
-31
-27
-11
15
38
48
51
43
39
33
26
17
-4
-14
-34
-52
-50
-40
-29
-27
-28
-28
-18
5
29
44
52
47
43
36
30
24
4
-6
-25
-47
-54
-49
-37
-31
-29
-31
-26
-6
19
38
52
50
46
38
31
27
7
-3
-19
-40
-53
-53
-41
-32
-28
-29
-29
-15
10
31
51
52
52
44
35
33
15
3
-10
-29
-46
-52
-43
-35
-30
-30
-34
-26
-5
18
41
46
48
42
34
35
20
9
-1
-18
-37
-49
-44
-37
-30
-27
-33
-29
-12
9
36
47
52
47
37
38
25
14
2
-13
-33
-50
-50
-43
-34
-27
-31
-32
-20
-2
26
42
52
51
40
40
30
18
9
-3
-22
-41
-48
-44
-37
-28
-31
-36
-30
-17
11
30
46
51
42
43
37
27
17
7
-11
-33
-46
-47
-42
-31
-30
-35
-31
-23
2
23
42
53
48
48
42
32
19
9
-6
-27
-43
-47
-45
-33
-29
-34
-34
-33
-13
8
31
48
48
48
44
35
22
12
1
-18
-36
-44
-46
-35
-26
-27
-28
-31
-17
1
23
44
49
49
47
41
28
18
9
-8
-29
-43
-51
-44
-33
-31
-31
-37
-28
-13
8
35
46
49
49
47
35
25
17
3
-18
-35
-48
-46
-34
-28
-26
-34
-31
-21
-2
24
42
47
48
47
37
26
18
8
-11
-28
-47
-50
-41
-34
-28
-35
-34
-27
-13
13
35
46
49
52
46
36
29
22
4
-13
-36
-48
-46
-40
-31
-36
-36
-32
-22
2
27
41
46
50
47
37
28
22
8
-7
-28
-45
-48
-43
-32
-33
-34
-33
-27
-9
17
36
43
48
48
40
31
28
16
4
-16
-37
-46
-44
-32
-31
-33
-34
-32
-21
4
28
39
46
50
44
33
29
18
9
-8
-30
-44
-48
-37
-32
-33
-34
-35
-29
-7
19
36
47
55
52
41
35
23
14
0
-22
-40
-50
-42
-34
-32
-32
-35
-35
-20
6
26
37
47
50
41
38
28
20
9
-10
-30
-44
-41
-33
-30
-29
-31
-35
-27
-5
18
32
44
51
46
43
34
25
15
-3
-23
-43
-48
-41
-36
-34
-32
-37
-33
-15
9
25
38
49
45
43
34
26
19
6
-11
-31
-42
-38
-32
-29
-26
-32
-34
-24
0
18
32
46
45
43
37
29
23
13
-2
-24
-41
-41
-36
-33
-29
-33
-39
-35
-13
8
24
42
46
45
39
31
25
18
8
-11
-32
-37
-34
-32
-26
-28
-34
-37
-21
-1
17
37
44
46
41
33
26
20
11
-5
-29
-40
-40
-37
-29
-27
-31
-39
-29
-10
7
30
42
48
46
40
33
26
19
8
-16
-33
-38
-38
-31
-27
-28
-39
-36
-21
-5
18
34
44
46
41
35
27
20
12
-9
-29
-38
-41
-36
-30
-25
-35
-37
-24
-9
14
33
46
51
48
41
31
22
17
-1
-22
-36
-42
-38
-32
-23
-31
-38
-33
-23
-3
17
33
43
45
42
36
26
24
11
-10
-28
-38
-38
-33
-21
-26
-35
-33
-27
-9
11
30
42
46
45
39
29
26
16
-4
-24
-38
-41
-40
-27
-26
-35
-36
-33
-18
3
23
40
46
47
43
30
28
20
6
-13
-30
-37
-42
-29
-23
-30
-33
-35
-25
-6
16
36
45
50
49
35
30
23
12
-6
-25
-35
-45
-37
-28
-32
-37
-41
-35
-19
1
25
39
48
52
42
37
31
23
7
-14
-26
-40
-37
-27
-27
-31
-37
-36
-24
-8
15
31
41
49
43
37
31
26
13
-7
-20
-38
-41
-31
-28
-30
-37
-41
-32
-18
5
23
36
48
45
40
34
32
24
5
-7
-27
-37
-31
-26
-27
-35
-42
-39
-29
-6
15
30
45
46
42
34
32
26
8
-4
-23
-38
-36
-29
-25
-29
-38
-40
-36
-17
5
22
41
48
48
40
37
33
17
5
-13
-31
-34
-28
-22
-24
-33
-39
-41
-28
-8
9
30
41
46
39
36
35
21
9
-6
-27
-36
-33
-25
-22
-28
-34
-40
-32
-14
3
25
39
48
43
38
38
27
16
2
-19
-34
-36
-28
-21
-24
-30
-40
-38
-23
-6
16
31
45
42
36
38
30
22
11
-8
-27
-36
-30
-23
-22
-25
-37
-40
-30
-16
5
21
40
42
36
37
32
25
18
1
-19
-33
-33
-24
-20
-19
-30
-38
-34
-23
-3
13
34
42
37
38
34
28
22
9
-11
-29
-34
-28
-23
-18
-27
-38
-39
-29
-10
6
28
41
38
38
35
30
26
16
-1
-23
-34
-31
-27
-19
-23
-33
-38
-35
-18
-3
20
39
40
41
37
32
28
20
7
-15
-30
-33
-30
-21
-20
-28
-37
-38
-25
-12
9
31
38
41
39
34
29
23
14
-7
-27
-33
-34
-22
-17
-21
-31
-38
-29
-20
-2
22
34
39
41
37
33
29
23
5
-17
-30
-37
-29
-20
-20
-28
-39
-35
-29
-14
11
28
38
42
41
38
33
30
17
-7
-24
-35
-32
-23
-19
-25
-38
-38
-34
-23
0
21
33
39
39
37
33
33
25
4
-14
-31
-34
-26
-20
-22
-35
-39
-37
-30
-9
14
30
38
41
40
35
35
31
14
-6
-26
-36
-32
-23
-21
-31
-38
-38
-34
-17
6
24
36
41
41
35
35
34
22
4
-17
-32
-34
-26
-18
-25
-34
-39
-39
-28
-7
13
28
38
42
37
35
36
28
14
-7
-26
-34
-28
-18
-22
-30
-36
-40
-34
-16
5
21
33
40
36
34
36
33
23
4
-16
-31
-33
-22
-21
-29
-35
-41
-41
-27
-5
14
29
41
40
37
39
38
31
15
-6
-26
-33
-25
-20
-23
-30
-37
-42
-35
-16
3
19
33
36
33
35
36
33
21
2
-19
-33
-28
-19
-19
-24
-32
-39
-37
-21
-2
14
30
39
37
36
37
36
27
11
-12
-33
-34
-24
-20
-23
-30
-38
-40
-30
-11
6
24
37
37
36
36
36
32
20
-1
-25
-34
-27
-20
-20
-25
-33
-38
-33
-19
-4
13
28
33
32
34
38
37
30
13
-12
-29
-28
-22
-21
-22
-29
-37
-38
-27
-13
3
22
30
30
31
34
36
33
21
-2
-24
-29
-24
-20
-19
-24
-34
-39
-30
-17
-1
18
30
32
32
33
34
34
27
9
-16
-28
-25
-21
-19
-22
-32
-40
-37
-25
-12
7
24
29
30
31
33
35
33
20
-5
-23
-26
-23
-19
-18
-26
-37
-38
-30
-20
-1
19
28
30
30
31
32
34
27
6
-17
-24
-23
-18
-15
-20
-31
-37
-33
-25
-10
12
25
30
30
30
30
32
30
13
-11
-25
-27
-23
-18
-18
-27
-36
-35
-31
-20
1
18
28
31
32
34
36
38
27
2
-17
-26
-24
-19
-16
-23
-34
-36
-36
-29
-11
8
21
27
31
33
35
41
37
15
-8
-22
-24
-20
-15
-18
-29
-34
-35
-33
-19
0
15
22
26
27
28
35
38
23
0
-19
-26
-24
-18
-16
-26
-31
-33
-33
-21
-4
14
23
28
29
27
34
42
34
13
-9
-21
-25
-22
-17
-26
-34
-38
-40
-32
-14
7
21
28
29
26
30
39
38
21
-1
-16
-22
-20
-13
-19
-28
-35
-39
-36
-23
-3
13
23
29
26
27
36
40
31
8
-10
-21
-23
-14
-15
-22
-28
-35
-37
-30
-12
6
17
25
23
22
30
39
37
18
-3
-19
-26
-19
-17
-22
-28
-35
-38
-34
-18
1
15
27
28
25
31
41
47
32
11
-8
-23
-20
-17
-19
-25
-34
-41
-42
-30
-11
5
20
24
20
22
31
42
35
17
-3
-21
-21
-15
-14
-17
-24
-31
-37
-33
-17
-2
15
24
22
20
27
42
42
28
9
-15
-22
-19
-17
-20
-25
-32
-39
-38
-24
-8
10
24
25
22
23
36
40
32
16
-8
-21
-21
-17
-16
-20
-25
-35
-39
-30
-17
1
18
22
21
18
32
42
40
29
5
-13
-18
-15
-15
-19
-24
-34
-43
-37
-26
-9
11
22
22
16
24
36
40
36
14
-7
-18
-16
-14
-17
-20
-28
-40
-39
-31
-15
6
21
26
17
20
31
37
38
22
0
-16
-18
-15
-16
-18
-24
-36
-40
-37
-25
-6
12
24
19
18
27
36
42
34
12
-8
-14
-12
-12
-13
-16
-29
-37
-38
-31
-15
3
19
16
12
18
28
38
37
19
-3
-14
-14
-14
-15
-16
-25
-33
-37
-31
-17
0
20
22
16
18
25
35
39
28
5
-12
-15
-16
-16
-15
-22
-30
-37
-36
-26
-12
11
19
16
15
19
30
40
37
18
-2
-11
-14
-16
-14
-18
-26
-35
-39
-34
-22
2
18
20
17
19
27
37
41
27
5
-9
-14
-17
-15
-17
-22
-32
-39
-37
-30
-8
13
18
16
16
21
32
41
35
15
-2
-10
-16
-13
-14
-17
-26
-35
-37
-37
-19
4
17
17
16
18
27
40
42
25
6
-5
-14
-14
-16
-18
-25
-35
-39
-42
-29
-7
11
16
16
15
21
34
44
35
16
3
-8
-11
-13
-14
-21
-31
-37
-42
-35
-16
5
14
16
13
15
25
39
36
20
7
-5
-9
-12
-11
-14
-24
-31
-39
-39
-24
-2
12
17
15
14
20
36
41
29
16
0
-9
-14
-14
-16
-25
-32
-41
-45
-34
-12
7
17
18
16
19
35
45
37
24
6
-5
-14
-16
-17
-23
-30
-37
-44
-40
-20
0
14
18
16
13
24
38
38
29
14
3
-6
-9
-9
-13
-22
-30
-42
-46
-32
-13
5
14
15
9
16
31
36
32
18
6
-5
-10
-9
-11
-16
-22
-34
-44
-37
-20
0
13
19
12
15
29
39
39
27
13
-1
-9
-11
-13
-18
-22
-32
-44
-44
-30
-11
4
15
10
8
20
33
40
33
22
7
-4
-7
-7
-10
-13
-21
-36
-42
-36
-19
-3
13
12
6
14
27
36
32
22
9
-3
-10
-10
-13
-15
-19
-31
-41
-39
-24
-8
12
16
10
12
22
35
36
29
17
3
-6
-8
-12
-13
-15
-25
-38
-41
-29
-15
7
16
11
9
14
28
35
32
23
10
-2
-5
-10
-13
-15
-22
-37
-47
-41
-30
-7
11
12
7
9
23
35
37
31
19
5
-1
-6
-10
-10
-13
-25
-39
-38
-33
-15
7
13
9
7
16
29
34
31
21
5
-3
-10
-15
-15
-14
-21
-36
-38
-36
-21
2
14
13
8
12
24
32
34
28
13
4
-4
-9
-12
-10
-16
-32
-38
-41
-32
-11
6
10
5
7
19
30
36
34
20
8
-3
-9
-13
-12
-13
-27
-34
-39
-35
-16
4
13
10
7
15
26
34
36
25
13
1
-8
-15
-15
-11
-23
-31
-37
-39
-25
-4
10
11
4
8
19
29
38
32
22
10
0
-10
-14
-10
-19
-28
-37
-43
-35
-16
4
11
5
6
14
25
37
36
29
17
7
-4
-11
-8
-15
-23
-33
-42
-42
-26
-4
10
7
4
9
18
31
34
31
19
11
0
-10
-8
-12
-18
-25
-36
-42
-33
-12
7
9
5
6
12
26
33
34
25
18
7
-6
-7
-11
-18
-26
-37
-46
-43
-25
-1
7
7
7
11
23
33
39
30
24
14
-2
-5
-9
-13
-20
-30
-42
-45
-34
-9
5
8
6
6
15
25
35
29
24
17
1
-5
-7
-9
-14
-22
-35
-44
-40
-19
0
8
7
4
11
21
35
33
29
24
9
-1
-5
-8
-13
-20
-31
-43
-48
-31
-11
3
6
4
8
14
32
34
32
29
15
3
-2
-6
-9
-15
-24
-36
-46
-36
-17
0
5
2
3
5
22
30
31
33
23
9
0
-4
-7
-12
-18
-29
-44
-41
-26
-6
4
3
2
1
15
25
29
34
28
16
6
0
-4
-9
-14
-24
-41
-45
-34
-12
3
6
5
-1
9
20
25
31
29
18
6
-1
-6
-10
-14
-20
-35
-44
-40
-19
0
7
9
1
7
17
24
31
33
25
13
4
-1
-5
-9
-13
-28
-41
-46
-31
-10
1
8
0
1
10
16
24
31
28
18
9
3
-3
-8
-10
-22
-36
-47
-37
-18
-2
10
5
3
10
17
23
29
29
21
11
4
-2
-7
-8
-15
-28
-43
-41
-27
-12
5
4
0
5
12
19
29
33
28
17
9
2
-5
-6
-12
-21
-40
-45
-34
-19
0
4
-1
1
7
14
23
31
30
21
13
5
-4
-7
-11
-16
-34
-45
-39
-26
-3
8
5
3
8
13
20
29
30
24
16
8
-1
-5
-8
-10
-26
-41
-42
-34
-12
5
5
2
5
8
14
24
30
26
19
11
2
-4
-9
-8
-21
-38
-44
-42
-24
-3
4
1
3
7
13
24
34
33
28
20
11
4
-5
-5
-15
-33
-43
-47
-34
-11
2
2
3
4
7
14
25
27
25
20
13
7
-3
-2
-6
-23
-37
-46
-40
-18
1
4
4
5
6
11
22
28
27
22
16
11
2
1
-1
-14
-30
-45
-47
-32
-10
-1
0
1
2
5
16
26
28
25
19
14
2
-1
-1
-9
-24
-39
-47
-38
-14
0
4
5
5
5
14
25
31
30
24
20
7
0
1
-4
-17
-32
-47
-47
-26
-9
-2
0
0
-2
5
16
25
28
25
24
13
3
2
0
-10
-24
-42
-49
-34
-14
-2
2
4
2
5
14
25
30
29
29
20
8
2
0
-7
-18
-36
-51
-44
-25
-9
-2
2
-1
-1
7
19
27
27
29
24
13
6
5
0
-8
-25
-45
-47
-31
-13
-4
2
-1
-3
1
11
22
23
27
26
17
7
6
2
-4
-17
-40
-50
-40
-21
-7
3
3
1
1
9
21
24
27
29
22
11
7
3
-1
-9
-31
-49
-47
-30
-14
0
4
2
0
4
16
20
22
26
23
12
8
5
4
1
-16
-40
-48
-36
-21
-6
1
1
-4
-2
9
16
19
24
26
17
11
7
4
4
-8
-32
-47
-43
-28
-10
2
7
3
0
7
16
19
24
29
22
15
9
3
4
-3
-25
-46
-48
-38
-20
-4
5
3
-3
1
10
14
19
27
24
18
12
7
8
8
-10
-35
-45
-42
-26
-12
0
2
-3
-3
6
11
15
25
25
20
15
8
8
12
2
-23
-40
-44
-33
-17
-3
3
-2
-6
1
8
12
22
25
23
17
9
4
8
5
-15
-36
-46
-38
-23
-6
5
2
-4
-1
6
8
17
24
25
21
15
8
11
13
-4
-27
-44
-46
-34
-16
0
4
-3
-2
5
7
15
22
23
22
17
8
8
14
5
-16
-39
-48
-42
-27
-8
4
-1
-1
6
8
14
21
24
22
18
8
6
12
10
-5
-29
-43
-43
-32
-14
2
0
-3
2
3
7
14
20
22
22
13
6
12
15
5
-18
-37
-45
-38
-23
-2
1
-4
0
2
6
12
19
22
24
17
7
9
15
12
-7
-30
-43
-43
-32
-10
1
-2
-1
0
2
8
15
19
24
20
9
7
14
17
4
-18
-36
-42
-37
-16
1
0
0
1
1
4
12
15
21
21
11
4
7
14
8
-11
-32
-43
-45
-27
-7
-1
-1
-1
0
2
12
17
24
28
20
10
9
16
15
-1
-23
-38
-48
-38
-15
-5
-1
1
1
1
9
13
19
26
22
13
8
13
17
7
-14
-32
-47
-45
-24
-8
-3
-1
-1
-2
3
7
13
23
24
16
8
11
19
15
-2
-21
-40
-46
-31
-12
-3
1
2
-1
3
6
10
19
22
17
6
4
13
17
5
-12
-32
-46
-38
-19
-6
0
3
0
2
5
8
15
23
22
13
6
12
19
11
-3
-23
-43
-44
-27
-12
-4
1
-2
-2
0
2
9
20
24
17
8
10
18
16
6
-13
-37
-47
-36
-19
-7
2
0
0
2
4
8
17
24
20
10
7
15
16
10
-4
-28
-46
-42
-26
-12
0
1
0
1
2
4
11
20
21
12
4
12
17
15
7
-14
-37
-41
-30
-16
-1
2
1
1
-1
-1
5
14
20
15
5
9
17
19
14
-4
-32
-46
-40
-27
-10
-3
-2
-2
-1
-1
3
12
21
20
9
8
15
20
20
10
-17
-38
-39
-30
-12
0
3
2
1
-3
-2
5
16
21
10
4
9
14
18
13
-10
-36
-46
-42
-24
-8
0
1
2
1
1
6
16
25
18
8
10
15
20
22
5
-22
-40
-43
-31
-13
-2
0
2
-1
-3
-2
7
18
16
6
3
8
16
24
14
-11
-34
-44
-36
-18
-3
2
5
2
-1
0
6
20
23
13
7
9
13
23
21
-1
-27
-45
-45
-30
-13
-4
0
-1
-4
-4
-1
13
22
16
8
7
11
22
27
13
-13
-37
-45
-36
-17
-5
2
2
0
-2
-3
7
20
19
10
6
5
15
25
19
-1
-26
-43
-41
-25
-12
-1
2
0
-2
-7
0
14
19
12
8
5
12
25
27
10
-15
-37
-44
-32
-18
-5
1
2
2
-3
-2
11
19
15
10
4
6
18
25
17
-6
-32
-47
-40
-25
-9
0
2
3
-1
-3
8
20
20
14
6
2
11
23
22
6
-19
-41
-42
-32
-16
-4
2
4
0
-6
1
15
21
18
8
2
6
20
25
16
-6
-33
-42
-37
-22
-8
-2
2
-1
-9
-7
7
17
19
13
4
2
14
23
22
5
-22
-38
-39
-27
-12
-2
4
5
-3
-7
4
16
21
16
5
-1
8
19
24
14
-12
-33
-42
-35
-19
-8
0
3
-2
-8
-1
12
20
20
12
3
6
16
24
22
-2
-25
-40
-39
-25
-12
-3
3
0
-8
-6
4
15
18
14
2
1
8
19
24
9
-14
-35
-41
-29
-13
-1
8
8
-2
-7
0
12
19
18
5
-1
3
14
26
19
-2
-27
-41
-38
-25
-12
-1
5
-2
-10
-6
6
16
21
10
2
3
12
28
28
12
-14
-35
-39
-29
-18
-6
3
1
-7
-7
1
12
21
13
3
-2
2
18
25
17
-5
-28
-39
-32
-20
-8
3
5
-3
-8
-2
8
20
17
8
1
0
12
24
24
7
-18
-34
-34
-25
-15
-3
3
-3
-10
-9
0
16
19
14
6
0
8
21
26
14
-10
-33
-39
-33
-22
-7
3
1
-6
-7
-3
12
19
17
9
-1
1
13
25
22
4
-22
-36
-34
-25
-12
3
5
-1
-6
-7
5
16
18
13
2
-2
7
21
25
12
-12
-32
-36
-31
-20
-4
4
1
-5
-10
0
12
17
16
7
-1
2
16
25
20
0
-23
-33
-32
-26
-11
-1
-1
-4
-11
-5
7
17
20
12
2
0
11
23
24
10
-14
-31
-34
-31
-17
-3
2
1
-8
-8
1
12
19
15
5
-1
6
18
27
20
-3
-23
-32
-35
-25
-10
-2
0
-8
-10
-3
9
19
20
11
-1
1
12
24
23
4
-19
-31
-37
-30
-14
-3
4
-2
-8
-6
5
18
23
18
3
-2
4
16
24
13
-8
-24
-34
-31
-19
-8
3
-1
-9
-11
-5
6
17
19
8
0
2
15
26
22
2
-16
-31
-35
-26
-15
-2
-1
-7
-11
-4
7
18
25
17
6
1
8
22
24
8
-10
-27
-35
-31
-22
-7
-1
-5
-11
-10
-1
10
21
19
10
3
5
18
26
16
-1
-20
-31
-32
-25
-11
-2
-2
-9
-12
-7
4
17
19
11
3
0
11
24
21
8
-12
-27
-32
-28
-16
-4
1
-4
-10
-9
-1
14
21
18
9
1
6
21
25
16
-3
-23
-33
-34
-23
-9
0
-3
-9
-11
-8
6
16
18
11
-1
-1
14
23
22
8
-12
-27
-32
-26
-13
0
2
-4
-9
-10
-1
11
17
15
5
-1
10
21
26
15
-5
-22
-33
-32
-22
-7
-1
-4
-8
-11
-6
7
15
17
8
-2
5
18
27
22
4
-15
-30
-33
-26
-10
-2
-1
-5
-11
-9
1
11
18
12
-1
0
10
24
26
15
-4
-22
-31
-30
-16
-4
-1
-3
-9
-11
-3
7
17
16
4
-2
3
17
25
20
3
-17
-30
-35
-24
-10
-2
0
-6
-11
-7
3
15
20
10
1
0
12
23
24
11
-8
-24
-35
-28
-14
-3
1
-2
-9
-8
-3
8
17
11
0
-5
4
17
24
16
-1
-17
-32
-30
-17
-5
2
0
-7
-9
-6
4
16
16
7
-2
3
16
27
25
9
-8
-27
-34
-26
-14
-6
-3
-8
-10
-8
0
14
19
12
0
-2
7
22
25
15
-1
-21
-33
-30
-18
-7
-1
-4
-8
-9
-5
7
16
13
1
-4
0
15
26
21
9
-11
-28
-30
-22
-10
-2
-2
-6
-9
-8
2
15
19
10
1
0
12
25
25
16
-3
-23
-34
-31
-22
-10
-6
-6
-8
-10
-4
9
17
12
2
-4
3
20
27
24
8
-13
-28
-30
-23
-12
-6
-4
-6
-9
-6
4
16
16
7
-4
-2
13
25
28
19
-2
-22
-30
-28
-19
-12
-10
-10
-13
-11
-1
13
18
13
2
-2
7
20
28
25
7
-15
-28
-31
-24
-16
-10
-7
-9
-10
-5
8
17
16
5
-3
2
14
25
28
16
-5
-22
-29
-25
-17
-11
-9
-10
-13
-10
3
14
19
11
-1
-2
7
19
27
23
4
-14
-25
-25
-19
-14
-11
-11
-15
-15
-4
9
20
17
5
-2
3
15
26
26
12
-8
-23
-27
-22
-14
-9
-7
-11
-16
-11
0
12
16
7
-2
0
9
22
29
21
3
-16
-26
-24
-17
-10
-5
-7
-12
-12
-5
7
14
8
-2
-5
2
16
29
28
15
-5
-19
-24
-21
-15
-11
-10
-14
-15
-9
3
14
14
4
-4
-2
10
26
30
22
3
-16
-25
-25
-20
-14
-10
-13
-15
-12
-1
13
19
10
-1
-5
1
17
28
27
12
-7
-19
-22
-21
-15
-10
-11
-14
-14
-7
7
16
11
1
-7
-5
8
23
29
20
4
-12
-19
-19
-15
-10
-10
-13
-16
-12
0
14
16
8
-3
-9
-1
14
24
21
8
-9
-18
-19
-16
-8
-5
-8
-13
-14
-6
9
16
13
1
-8
-4
8
21
24
14
-2
-14
-18
-17
-11
-7
-8
-13
-18
-14
1
12
15
8
-2
-4
4
18
25
19
4
-10
-19
-20
-14
-8
-6
-9
-14
-16
-5
8
15
11
1
-5
-1
12
23
22
10
-6
-18
-22
-18
-12
-7
-6
-10
-15
-8
5
15
15
4
-5
-6
5
19
25
18
3
-11
-19
-19
-14
-10
-9
-11
-16
-12
-2
11
16
9
-2
-8
-1
13
25
24
12
-2
-14
-18
-16
-12
-10
-12
-18
-19
-9
5
16
15
5
-6
-5
6
21
25
17
3
-11
-18
-17
-12
-8
-6
-13
-18
-13
0
13
17
9
-4
-8
-1
15
25
21
10
-5
-16
-19
-17
-14
-9
-12
-17
-17
-7
8
17
15
3
-6
-4
9
22
24
16
2
-12
-18
-17
-16
-11
-11
-15
-18
-12
2
15
19
11
0
-4
4
16
22
17
5
-9
-17
-17
-16
-11
-10
-13
-19
-18
-7
7
16
13
3
-4
0
14
23
23
14
-1
-13
-16
-16
-12
-7
-8
-14
-17
-11
1
13
13
4
-6
-8
4
17
23
19
6
-7
-14
-17
-13
-9
-7
-13
-19
-17
-7
8
15
12
0
-7
-1
12
22
23
13
-1
-10
-15
-14
-9
-4
-8
-16
-20
-15
-1
10
11
2
-9
-7
5
18
25
20
8
-3
-11
-12
-10
-4
-5
-12
-17
-17
-7
6
12
8
-4
-9
-1
11
20
20
9
-3
-12
-15
-14
-7
-5
-9
-16
-19
-10
3
15
14
2
-7
-5
5
17
22
15
4
-5
-11
-13
-8
-4
-6
-13
-19
-15
-5
9
14
5
-6
-9
-1
13
22
19
9
-2
-9
-13
-11
-6
-5
-10
-19
-19
-12
3
15
12
0
-7
-4
8
19
20
12
0
-8
-14
-11
-5
-1
-4
-14
-19
-16
-3
12
15
5
-5
-8
1
14
21
17
6
-4
-13
-13
-8
-3
-3
-11
-19
-21
-12
4
13
7
-3
-9
-4
9
19
20
11
2
-9
-13
-10
-3
1
-4
-12
-18
-15
0
12
11
3
-6
-6
3
15
20
13
4
-7
-14
-15
-9
-4
-5
-10
-17
-18
-6
9
14
8
-3
-8
-2
11
20
17
10
-1
-10
-14
-11
-4
-3
-6
-15
-20
-14
2
12
11
1
-6
-5
7
18
18
13
3
-7
-14
-14
-8
-4
-6
-12
-20
-17
-3
11
14
7
-3
-7
2
15
20
18
9
-1
-10
-14
-10
-6
-5
-10
-20
-23
-12
4
14
12
3
-6
-3
8
16
18
12
3
-7
-14
-11
-5
-1
-4
-15
-24
-20
-6
8
12
7
-2
-3
6
16
21
16
7
-5
-14
-14
-9
-3
-2
-10
-20
-21
-11
5
13
10
0
-7
-1
9
18
16
10
-1
-10
-14
-11
-5
0
-3
-15
-21
-14
1
13
14
4
-6
-6
3
14
17
15
6
-5
-12
-12
-7
-2
-2
-13
-23
-22
-9
7
15
10
-1
-5
0
11
17
17
10
0
-9
-11
-9
-3
0
-8
-19
-23
-14
1
13
14
4
-4
-3
6
13
17
14
4
-6
-13
-12
-6
0
-4
-15
-25
-21
-8
7
13
7
-3
-6
1
10
17
17
10
-1
-8
-10
-6
2
3
-8
-21
-24
-16
1
12
11
1
-6
-2
6
14
17
13
3
-7
-11
-11
-3
3
-3
-17
-24
-20
-6
9
13
5
-5
-6
1
10
16
16
8
-3
-9
-10
-5
4
4
-8
-20
-23
-13
3
11
7
-4
-9
-4
5
13
17
12
3
-6
-11
-8
1
5
-3
-15
-23
-17
-3
10
13
3
-4
-5
2
10
15
13
5
-4
-11
-11
-3
4
1
-10
-21
-21
-10
5
12
5
-4
-8
-4
4
12
14
9
2
-7
-11
-5
4
5
-4
-18
-23
-17
-1
12
12
4
-3
-3
2
10
15
13
5
-4
-12
-10
0
5
1
-13
-24
-23
-10
7
12
8
-1
-4
-2
4
10
11
6
-2
-11
-13
-4
5
6
-4
-16
-21
-14
2
11
10
2
-2
-3
3
10
13
10
2
-9
-15
-10
0
7
1
-12
-22
-20
-6
7
11
4
-1
-4
-1
7
13
12
8
-2
-10
-10
-3
6
3
-8
-21
-24
-12
3
12
9
2
-3
-3
4
12
14
11
2
-9
-14
-9
2
4
-2
-15
-24
-18
-3
10
11
5
-2
-5
1
8
15
