-10
-10
-10
-10
-11
-11
-10
-10
-10
-10
-9
-9
-9
-9
-8
-8
-8
-9
-8
-7
-8
-10
-8
-8
-11
-11
-9
-8
-9
-9
-8
-8
-7
-8
-11
-10
-10
-11
-10
-11
-11
-10
-11
-11
-10
-10
-14
-15
-13
-11
-9
-4
1
6
6
4
3
4
-1
-13
-26
-36
-38
-37
-37
-35
-30
-28
-22
-12
-3
6
14
13
10
13
16
12
10
9
6
0
-8
-13
-16
-14
-7
0
6
4
-2
-8
-16
-23
-36
-61
-80
-82
-66
-43
-18
-2
-3
-13
-20
-6
27
55
68
61
50
36
12
-6
-9
-4
9
15
7
-19
-53
-74
-70
-53
-38
-35
-39
-39
-38
-31
-19
-11
-15
-23
-21
-9
10
22
28
24
9
0
2
25
46
39
30
21
9
-2
-19
-25
-6
9
0
-28
-50
-57
-50
-33
-21
-18
-23
-32
-43
-42
-20
-6
-28
-62
-78
-61
-21
9
29
28
21
17
8
12
29
47
64
58
34
20
13
14
19
16
-4
-39
-71
-83
-69
-43
-31
-29
-31
-35
-38
-38
-17
5
1
-33
-73
-77
-57
-26
10
33
43
47
35
24
27
37
50
48
27
6
-12
-24
-26
-15
-3
-10
-36
-61
-60
-33
-1
8
6
-1
-22
-35
-34
-32
-20
-24
-34
-37
-40
-28
-16
-7
13
27
22
4
-18
-8
19
25
14
-6
-12
-17
-26
-19
17
52
41
-3
-36
-31
-8
-16
-35
-44
-49
-49
-53
-39
-9
1
-12
-29
-26
3
22
14
11
13
13
0
-26
-21
4
17
18
23
21
9
-5
-14
13
55
56
12
-46
-56
-33
-31
-40
-54
-60
-57
-62
-51
-23
-9
-18
-45
-59
-37
-17
-10
-6
-2
13
11
-10
-17
-1
13
17
29
43
51
42
20
30
73
99
64
-5
-36
-33
-34
-44
-59
-67
-64
-64
-51
-28
-16
-20
-51
-76
-72
-55
-37
-35
-32
-14
-5
-22
-38
-27
-3
26
55
77
97
94
68
51
75
115
100
28
-33
-55
-62
-72
-88
-97
-101
-109
-95
-68
-28
0
-15
-33
-36
-25
-11
-5
-1
6
5
-17
-39
-38
-29
-13
12
44
75
81
58
28
40
94
110
63
9
-20
-30
-38
-56
-65
-79
-95
-98
-88
-50
-16
-17
-38
-51
-45
-32
-23
-17
-2
9
-9
-31
-39
-35
-19
8
43
76
92
79
39
27
75
111
91
38
-15
-40
-59
-74
-77
-92
-107
-116
-104
-66
-20
5
-4
-15
-20
-18
-10
-9
4
19
10
-11
-28
-32
-28
-18
2
34
68
73
35
6
30
71
88
57
8
-27
-54
-61
-59
-63
-74
-88
-82
-55
-18
12
12
-3
-18
-28
-34
-38
-27
-15
-16
-30
-46
-51
-45
-30
-8
21
67
96
73
40
39
79
120
113
73
16
-34
-61
-74
-79
-96
-117
-127
-112
-73
-29
-3
-1
-3
-4
-12
-12
0
10
12
-1
-17
-25
-31
-33
-27
-18
24
62
48
14
-4
28
77
95
77
35
-5
-36
-52
-57
-62
-76
-92
-88
-65
-28
7
8
1
-9
-26
-32
-24
-9
0
-4
-15
-26
-39
-39
-35
-33
5
52
62
33
1
9
50
94
105
80
41
1
-24
-36
-46
-63
-89
-101
-93
-64
-30
-23
-24
-31
-47
-59
-56
-35
-13
0
6
1
-8
-5
-10
-22
-3
42
71
48
14
3
31
79
102
90
55
12
-23
-41
-46
-53
-72
-90
-95
-72
-38
-18
-12
-16
-30
-51
-59
-48
-33
-24
-14
-21
-30
-23
-24
-32
-29
17
63
64
37
16
31
75
113
119
97
58
13
-21
-37
-47
-59
-83
-97
-85
-60
-38
-28
-28
-37
-57
-75
-68
-55
-41
-22
-23
-25
-18
-12
-22
-28
7
58
78
58
27
22
49
86
106
98
71
29
-8
-29
-41
-48
-73
-92
-86
-66
-43
-25
-17
-16
-33
-55
-58
-53
-40
-26
-27
-35
-32
-24
-37
-52
-34
17
57
55
25
8
23
67
103
114
100
65
29
0
-16
-24
-47
-75
-82
-75
-56
-37
-27
-24
-39
-56
-62
-59
-47
-30
-26
-37
-32
-20
-27
-45
-46
-9
41
59
43
20
21
51
87
111
109
84
50
14
-10
-21
-45
-78
-98
-101
-86
-63
-37
-21
-27
-38
-45
-46
-40
-24
-18
-27
-23
-10
-12
-32
-50
-32
14
46
42
15
4
21
57
94
111
104
78
37
6
-10
-31
-59
-87
-98
-93
-78
-50
-27
-23
-29
-35
-44
-44
-27
-20
-30
-33
-23
-19
-33
-57
-55
-17
30
46
29
13
16
45
87
113
119
99
57
20
0
-17
-43
-73
-90
-94
-84
-61
-32
-21
-23
-26
-39
-47
-36
-27
-33
-38
-33
-23
-28
-49
-58
-34
14
43
38
19
10
29
67
98
115
108
75
37
12
-6
-27
-56
-83
-96
-97
-80
-50
-33
-28
-28
-40
-52
-43
-31
-30
-39
-37
-23
-19
-33
-51
-40
3
41
48
29
13
21
53
88
114
118
95
59
32
13
-5
-33
-64
-87
-103
-98
-74
-54
-42
-32
-42
-55
-53
-42
-36
-42
-44
-32
-23
-30
-49
-51
-19
25
50
43
22
16
34
65
98
117
106
78
47
23
6
-18
-44
-70
-94
-94
-75
-56
-42
-31
-35
-46
-50
-42
-35
-40
-47
-42
-29
-29
-48
-60
-44
-4
35
42
26
15
24
49
87
118
123
106
78
52
30
4
-22
-52
-86
-103
-98
-84
-64
-47
-45
-54
-61
-54
-44
-42
-47
-46
-32
-25
-37
-56
-55
-25
21
47
41
28
23
36
71
107
125
117
94
69
41
12
-11
-36
-70
-93
-97
-88
-68
-46
-36
-41
-51
-52
-47
-47
-55
-55
-43
-32
-37
-55
-66
-52
-10
29
38
32
21
27
54
90
119
124
109
91
68
39
16
-9
-46
-78
-95
-97
-83
-61
-48
-48
-56
-60
-57
-54
-60
-65
-55
-38
-31
-43
-59
-58
-25
17
42
44
34
30
45
76
110
127
122
106
80
49
26
3
-31
-66
-91
-104
-97
-77
-59
-50
-54
-60
-59
-57
-60
-69
-66
-50
-36
-36
-53
-61
-40
0
37
51
46
37
40
61
93
116
120
114
95
67
42
18
-12
-45
-76
-98
-103
-90
-70
-55
-55
-61
-62
-59
-62
-72
-72
-59
-41
-33
-48
-60
-53
-21
21
47
51
42
37
51
82
111
124
125
110
83
60
38
11
-19
-54
-86
-104
-103
-86
-68
-63
-67
-68
-64
-64
-71
-76
-69
-48
-33
-37
-54
-58
-39
-3
32
48
45
36
39
63
91
110
121
116
95
73
51
27
2
-33
-68
-96
-105
-91
-73
-61
-61
-61
-57
-57
-61
-69
-68
-50
-32
-29
-44
-57
-52
-26
11
35
40
32
30
48
74
97
115
117
104
86
67
46
20
-13
-51
-86
-107
-105
-88
-73
-70
-69
-64
-59
-58
-66
-71
-58
-36
-24
-33
-49
-53
-39
-7
24
39
35
28
38
58
85
109
119
115
99
79
60
38
10
-28
-69
-99
-108
-97
-81
-73
-69
-64
-57
-53
-58
-65
-61
-44
-28
-28
-43
-56
-55
-31
3
28
32
25
29
43
67
94
111
117
107
89
70
51
29
-4
-43
-81
-102
-99
-87
-76
-71
-67
-59
-55
-57
-66
-69
-54
-34
-24
-30
-45
-52
-39
-8
22
34
32
29
33
51
76
98
110
107
94
78
62
43
16
-20
-62
-93
-103
-98
-85
-79
-74
-66
-60
-58
-65
-73
-64
-44
-27
-24
-36
-49
-50
-25
9
29
35
32
34
45
67
92
109
116
108
92
77
57
33
0
-42
-81
-103
-104
-94
-85
-78
-70
-61
-55
-61
-71
-69
-54
-35
-27
-33
-49
-60
-46
-17
12
27
27
28
35
52
77
99
114
114
105
93
77
60
32
-7
-49
-83
-95
-93
-86
-81
-77
-69
-62
-65
-75
-81
-72
-52
-36
-31
-44
-59
-54
-31
-1
19
25
25
29
41
61
86
107
114
109
97
84
70
48
17
-25
-64
-86
-93
-89
-82
-80
-71
-62
-59
-64
-75
-73
-59
-39
-26
-34
-51
-58
-45
-18
7
20
21
24
32
47
71
92
107
111
101
90
78
61
36
-2
-44
-72
-87
-88
-84
-83
-75
-65
-59
-61
-71
-75
-70
-50
-32
-30
-44
-58
-55
-35
-9
12
18
23
26
35
55
76
96
105
102
96
86
74
55
23
-18
-54
-78
-84
-85
-86
-84
-73
-63
-60
-62
-71
-70
-53
-31
-22
-28
-43
-49
-40
-17
3
14
20
21
26
38
58
81
95
99
96
87
78
64
36
1
-39
-69
-83
-88
-89
-89
-80
-69
-61
-59
-66
-71
-62
-44
-28
-27
-37
-51
-49
-30
-9
9
17
23
27
33
51
73
92
102
103
95
90
79
58
28
-13
-49
-72
-82
-87
-90
-85
-77
-68
-62
-68
-77
-75
-58
-39
-30
-33
-47
-51
-39
-21
-1
10
20
27
29
41
62
80
97
102
99
96
89
74
49
12
-30
-59
-76
-86
-91
-91
-86
-75
-65
-65
-75
-80
-66
-48
-33
-29
-41
-49
-46
-32
-13
1
11
21
22
32
49
67
88
98
101
100
98
88
70
38
-4
-37
-59
-75
-81
-86
-85
-76
-68
-64
-74
-82
-77
-63
-45
-37
-42
-53
-55
-46
-29
-14
1
12
16
23
36
55
77
93
101
103
104
101
90
66
26
-10
-39
-61
-71
-81
-84
-80
-69
-63
-71
-79
-82
-72
-54
-42
-40
-50
-59
-55
-43
-28
-11
0
8
14
22
39
62
81
94
101
102
102
99
81
48
13
-20
-46
-64
-75
-84
-85
-73
-63
-64
-70
-76
-74
-58
-44
-35
-39
-52
-52
-49
-37
-22
-10
1
7
11
25
48
68
84
94
97
101
105
93
68
34
0
-30
-54
-66
-80
-87
-78
-68
-66
-69
-78
-81
-71
-56
-40
-38
-46
-49
-47
-38
-23
-10
2
9
11
18
36
55
73
89
92
97
105
101
83
53
19
-15
-43
-60
-78
-91
-87
-77
-71
-70
-77
-81
-79
-64
-45
-38
-41
-46
-48
-44
-32
-18
-6
5
9
14
30
46
66
87
95
100
109
110
99
76
45
9
-22
-44
-65
-84
-88
-82
-75
-75
-80
-86
-91
-81
-64
-53
-49
-52
-53
-51
-42
-28
-14
2
9
14
24
37
58
78
90
96
105
113
107
91
65
31
-2
-26
-50
-72
-84
-83
-75
-75
-76
-81
-91
-87
-72
-59
-52
-53
-54
-53
-46
-37
-24
-9
-2
6
12
24
45
66
82
90
100
111
112
104
87
55
22
-7
-35
-59
-79
-83
-79
-76
-74
-76
-86
-87
-76
-62
-52
-50
-54
-54
-52
-49
-35
-22
-12
-2
3
13
32
55
71
83
93
107
112
109
98
71
42
12
-17
-45
-68
-79
-79
-77
-75
-75
-82
-88
-82
-68
-55
-48
-51
-49
-48
-49
-38
-27
-16
-4
1
3
17
38
57
70
81
96
105
111
106
86
59
32
4
-28
-56
-72
-79
-79
-76
-74
-79
-88
-86
-75
-59
-51
-52
-48
-48
-48
-42
-32
-22
-10
-2
-1
9
29
47
58
72
86
98
108
109
97
74
49
22
-12
-41
-61
-74
-79
-76
-72
-75
-82
-87
-80
-65
-57
-55
-51
-49
-49
-45
-37
-27
-13
-4
-2
2
22
39
49
63
75
88
100
106
101
82
61
38
6
-26
-51
-67
-77
-75
-73
-75
-79
-88
-85
-70
-61
-55
-50
-47
-45
-42
-37
-28
-17
-5
-3
-5
9
25
36
50
64
77
90
102
106
94
77
57
28
-6
-33
-54
-72
-75
-75
-75
-77
-88
-90
-77
-66
-59
-52
-49
-45
-43
-42
-38
-29
-14
-12
-13
-3
14
27
39
54
67
81
97
106
103
90
75
51
17
-12
-37
-57
-65
-67
-66
-68
-79
-87
-79
-71
-65
-60
-58
-52
-49
-47
-47
-37
-22
-17
-18
-12
4
17
27
42
54
68
86
100
103
96
86
67
38
9
-18
-40
-55
-61
-61
-62
-73
-82
-79
-71
-65
-61
-58
-55
-48
-46
-50
-44
-31
-26
-25
-24
-9
6
16
30
42
56
74
93
101
99
96
82
59
29
-1
-24
-43
-56
-55
-56
-66
-75
-78
-72
-67
-62
-60
-60
-52
-48
-53
-49
-38
-31
-31
-30
-19
-6
7
19
31
43
62
85
96
99
99
91
74
49
17
-7
-30
-50
-50
-50
-59
-70
-77
-74
-69
-64
-63
-64
-54
-47
-51
-53
-43
-34
-35
-33
-26
-14
0
12
22
31
49
74
90
100
105
100
89
68
37
12
-15
-41
-49
-51
-59
-71
-80
-82
-78
-69
-69
-70
-62
-52
-52
-56
-46
-36
-36
-36
-31
-20
-6
9
21
29
45
68
86
99
108
107
101
84
57
31
1
-28
-45
-47
-54
-67
-77
-84
-82
-74
-73
-75
-71
-60
-57
-62
-55
-43
-40
-41
-36
-28
-15
2
13
19
32
54
73
92
103
109
111
100
80
55
27
-5
-29
-35
-41
-53
-66
-79
-82
-76
-76
-82
-82
-71
-67
-69
-65
-53
-46
-47
-44
-39
-28
-8
6
11
24
42
62
83
95
106
114
109
96
76
50
17
-12
-25
-31
-41
-55
-73
-80
-76
-73
-81
-85
-76
-70
-72
-72
-63
-53
-53
-52
-47
-39
-19
-2
5
16
30
52
74
88
103
113
114
104
90
68
33
2
-18
-27
-33
-47
-65
-77
-76
-70
-77
-82
-77
-71
-71
-71
-64
-54
-51
-50
-49
-46
-30
-13
-3
4
13
33
55
72
88
104
112
107
102
86
55
24
-3
-16
-21
-32
-51
-70
-73
-68
-75
-83
-79
-72
-72
-74
-68
-57
-51
-49
-52
-51
-39
-23
-9
-3
5
21
43
61
75
94
106
105
105
96
72
40
9
-9
-17
-24
-42
-64
-71
-68
-73
-82
-82
-75
-74
-77
-72
-64
-54
-47
-51
-51
-43
-27
-10
-2
4
15
36
54
69
88
101
105
108
104
87
56
24
-2
-15
-20
-35
-60
-71
-71
-73
-82
-85
-79
-78
-79
-75
-70
-58
-48
-50
-52
-51
-37
-19
-7
-3
5
25
43
59
80
97
107
111
113
105
79
47
16
-3
-8
-21
-47
-66
-70
-71
-79
-84
-79
-79
-81
-81
-79
-68
-57
-54
-58
-57
-48
-33
-15
-11
-4
13
29
47
68
86
101
108
114
113
96
69
35
10
2
-8
-32
-56
-65
-66
-76
-81
-80
-79
-81
-83
-81
-73
-59
-51
-54
-56
-53
-39
-22
-17
-10
3
17
34
54
73
90
101
111
116
109
87
53
23
10
2
-18
-47
-60
-64
-73
-79
-81
-80
-81
-85
-85
-80
-65
-54
-53
-56
-59
-47
-30
-23
-16
-6
6
22
41
62
78
92
104
112
115
102
70
37
20
15
-1
-29
-46
-56
-64
-72
-78
-77
-78
-81
-86
-83
-71
-58
-50
-54
-62
-53
-39
-29
-22
-14
-3
10
27
48
64
80
94
103
114
112
88
53
30
25
12
-13
-35
-48
-57
-67
-73
-76
-75
-77
-87
-88
-79
-68
-54
-55
-63
-59
-47
-36
-28
-21
-10
-1
14
36
53
70
84
95
109
117
105
70
43
35
25
5
-18
-34
-47
-58
-65
-72
-71
-72
-83
-87
-85
-75
-57
-54
-62
-64
-56
-44
-37
-30
-20
-14
0
19
37
55
70
83
97
114
114
85
57
45
37
20
-3
-21
-36
-48
-58
-67
-66
-67
-76
-83
-88
-81
-63
-54
-59
-65
-62
-51
-44
-34
-26
-21
-10
7
25
42
59
73
86
110
121
102
72
56
48
34
13
-8
-26
-39
-52
-64
-65
-67
-72
-81
-91
-89
-73
-59
-59
-67
-68
-61
-53
-41
-33
-26
-17
-2
16
31
50
62
76
102
123
116
88
67
58
45
29
7
-13
-27
-44
-57
-61
-63
-66
-74
-88
-93
-82
-65
-59
-67
-70
-67
-60
-50
-42
-36
-29
-14
2
20
39
52
63
86
115
122
100
79
66
55
43
22
3
-13
-33
-47
-54
-58
-58
-64
-81
-92
-88
-71
-61
-65
-70
-73
-67
-58
-48
-43
-36
-24
-12
7
28
41
50
70
103
122
111
91
73
64
55
36
19
2
-20
-38
-49
-55
-54
-58
-72
-90
-94
-81
-68
-63
-68
-71
-70
-62
-51
-47
-41
-31
-22
-5
18
33
38
51
84
111
115
101
81
72
64
48
32
15
-7
-28
-44
-53
-54
-53
-63
-84
-95
-89
-75
-66
-65
-69
-72
-66
-56
-51
-44
-36
-28
-15
8
29
32
39
67
99
116
109
90
79
71
57
44
28
8
-15
-34
-47
-52
-49
-54
-73
-92
-95
-84
-74
-68
-72
-78
-74
-65
-57
-51
-42
-35
-27
-5
20
26
30
52
84
110
113
99
88
80
69
58
44
26
2
-19
-38
-46
-45
-46
-62
-86
-97
-93
-82
-71
-72
-79
-79
-72
-64
-58
-50
-43
-39
-19
7
18
22
37
66
100
114
106
97
87
78
69
59
42
21
-3
-26
-41
-44
-40
-50
-74
-92
-97
-89
-76
-73
-80
-82
-79
-72
-65
-56
-50
-50
-34
-7
10
14
21
46
83
107
111
103
95
85
77
70
56
40
16
-9
-31
-39
-35
-40
-59
-82
-97
-96
-83
-75
-77
-83
-81
-77
-71
-60
-54
-54
-45
-21
0
8
10
28
63
94
107
107
100
90
83
76
66
52
32
6
-21
-37
-35
-35
-48
-70
-92
-98
-89
-77
-75
-80
-80
-79
-76
-64
-57
-59
-54
-35
-10
4
4
14
44
79
100
109
106
97
88
81
73
62
46
23
-8
-31
-35
-35
-40
-57
-81
-96
-94
-82
-77
-80
-81
-82
-80
-69
-60
-61
-61
-48
-22
-2
2
4
27
61
89
106
107
101
93
86
79
69
59
41
10
-19
-32
-33
-33
-45
-69
-92
-97
-88
-81
-80
-79
-83
-83
-72
-62
-60
-63
-57
-33
-8
-2
-3
11
40
73
97
107
105
96
89
84
75
68
55
27
-5
-27
-34
-34
-38
-56
-83
-96
-91
-84
-79
-76
-80
-84
-78
-67
-62
-66
-66
-47
-18
-4
-4
2
24
56
86
104
107
100
93
86
78
73
65
44
12
-16
-30
-31
-30
-43
-71
-92
-93
-89
-83
-78
-80
-85
-82
-71
-61
-63
-69
-56
-28
-9
-5
-5
8
35
66
92
103
100
94
88
81
77
73
59
31
0
-22
-28
-25
-30
-54
-80
-90
-90
-85
-78
-77
-83
-85
-76
-63
-62
-71
-68
-45
-22
-11
-11
-6
15
45
78
97
102
99
92
84
81
81
74
52
21
-8
-24
-21
-21
-40
-67
-86
-92
-91
-83
-81
-84
-90
-85
-70
-63
-71
-74
-57
-31
-14
-10
-8
3
29
62
87
98
100
95
86
81
81
81
67
40
6
-17
-18
-16
-27
-52
-74
-88
-91
-86
-81
-80
-87
-88
-74
-63
-68
-75
-67
-44
-24
-16
-15
-10
9
41
71
89
98
97
90
83
82
84
78
59
26
-5
-15
-12
-18
-36
-61
-80
-88
-87
-81
-77
-84
-90
-81
-68
-67
-77
-78
-59
-38
-24
-20
-18
-6
22
54
78
93
98
94
87
84
84
84
74
47
10
-9
-9
-10
-21
-44
-67
-82
-86
-80
-74
-79
-88
-84
-71
-63
-71
-78
-67
-48
-31
-21
-23
-19
1
31
59
79
90
89
83
79
79
83
84
65
29
2
-6
-4
-11
-30
-54
-74
-85
-83
-75
-76
-85
-86
-74
-62
-65
-75
-72
-57
-37
-24
-24
-24
-12
14
43
69
86
91
86
81
78
82
89
77
45
11
-5
-6
-7
-20
-41
-63
-80
-82
-74
-72
-81
-88
-80
-66
-65
-74
-77
-69
-48
-30
-24
-27
-22
-2
26
55
77
87
86
82
75
78
89
88
65
30
4
-2
-1
-9
-25
-48
-70
-80
-75
-72
-78
-88
-86
-72
-66
-70
-76
-73
-57
-36
-26
-26
-28
-18
6
36
65
81
87
84
76
73
84
92
79
48
16
2
0
-4
-15
-35
-60
-76
-77
-71
-74
-85
-88
-76
-66
-66
-73
-78
-68
-47
-31
-26
-29
-25
-9
19
49
72
85
86
78
70
77
91
90
67
33
11
4
1
-5
-20
-44
-66
-75
-71
-71
-83
-90
-84
-72
-66
-71
-79
-75
-59
-38
-29
-29
-29
-21
2
31
57
77
85
80
70
71
85
94
82
52
25
11
5
1
-10
-32
-58
-74
-73
-71
-80
-89
-88
-77
-67
-67
-75
-78
-66
-45
-31
-27
-29
-27
-11
15
42
67
83
84
74
70
80
95
92
68
39
18
8
5
-2
-19
-45
-67
-71
-69
-76
-86
-91
-83
-71
-67
-74
-83
-77
-60
-42
-32
-32
-32
-23
-1
27
54
77
84
77
68
72
89
96
83
57
32
18
12
8
-3
-28
-55
-66
-66
-70
-81
-92
-90
-78
-69
-72
-81
-82
-70
-49
-35
-31
-34
-32
-16
8
36
64
81
81
70
69
85
98
94
73
46
25
15
12
6
-16
-44
-63
-66
-67
-77
-88
-93
-83
-70
-68
-75
-83
-78
-61
-44
-35
-36
-36
-27
-8
19
49
74
81
72
65
74
92
98
85
60
36
19
15
14
-1
-27
-52
-59
-61
-67
-79
-89
-85
-72
-65
-69
-79
-82
-70
-51
-37
-35
-36
-33
-21
0
28
59
75
72
61
63
79
94
91
72
48
26
19
17
10
-12
-39
-53
-57
-61
-73
-86
-88
-78
-67
-65
-73
-81
-78
-60
-43
-36
-36
-37
-29
-13
12
45
71
75
66
60
71
88
94
84
61
35
20
18
15
-2
-27
-46
-52
-54
-64
-78
-87
-83
-70
-64
-68
-79
-82
-70
-52
-40
-37
-38
-35
-24
-6
26
59
74
69
58
61
76
89
89
72
48
26
21
21
11
-11
-35
-46
-49
-57
-70
-83
-85
-75
-64
-63
-72
-81
-76
-59
-43
-36
-36
-36
-32
-21
6
41
67
68
57
53
63
81
89
83
62
37
26
25
20
2
-23
-40
-46
-51
-62
-79
-87
-82
-68
-61
-66
-77
-79
-68
-50
-38
-36
-35
-37
-32
-13
21
56
68
62
53
57
72
87
90
74
49
31
26
25
12
-11
-31
-41
-45
-54
-69
-84
-87
-76
-63
-63
-72
-80
-75
-58
-44
-35
-32
-34
-35
-27
2
39
63
63
52
49
59
77
88
83
63
40
31
30
22
4
-19
-35
-41
-48
-61
-78
-88
-82
-68
-61
-66
-77
-77
-64
-50
-38
-33
-33
-37
-37
-19
17
51
61
55
48
50
66
83
87
74
50
35
32
28
15
-7
-25
-33
-39
-49
-66
-82
-83
-71
-60
-61
-72
-78
-73
-58
-46
-38
-34
-39
-43
-36
-6
33
55
58
49
45
54
71
84
80
60
42
34
33
24
7
-13
-25
-30
-36
-53
-72
-82
-76
-62
-58
-65
-75
-76
-65
-54
-43
-36
-37
-44
-47
-27
10
41
55
50
44
46
61
81
86
74
54
42
39
33
18
-1
-19
-26
-30
-43
-62
-79
-81
-69
-59
-61
-71
-76
-70
-60
-49
-39
-35
-43
-51
-42
-11
26
49
52
45
41
51
71
84
79
62
46
41
37
27
10
-10
-20
-23
-31
-48
-69
-79
-73
-60
-57
-66
-74
-75
-67
-57
-44
-34
-38
-50
-51
-30
7
38
50
47
39
40
58
77
81
68
51
44
41
35
21
1
-13
-19
-24
-37
-59
-77
-79
-66
-58
-62
-70
-76
-72
-63
-50
-34
-32
-43
-53
-44
-13
24
46
50
42
36
47
69
82
77
61
49
44
40
29
10
-9
-18
-21
-30
-48
-71
-81
-73
-62
-60
-67
-73
-74
-68
-56
-39
-29
-36
-49
-52
-30
5
36
50
47
38
40
58
76
79
69
53
46
43
36
21
1
-12
-17
-22
-37
-61
-79
-80
-69
-62
-65
-71
-75
-73
-65
-48
-32
-31
-43
-52
-43
-14
22
45
50
41
36
48
67
79
76
63
52
47
43
32
13
-4
-13
-17
-28
-51
-74
-83
-76
-67
-66
-69
-73
-74
-70
-56
-37
-27
-36
-50
-51
-31
3
35
50
45
36
39
56
73
78
69
56
49
46
38
22
3
-10
-13
-20
-38
-62
-79
-78
-68
-65
-66
-70
-74
-74
-66
-47
-29
-29
-42
-52
-44
-17
20
45
48
39
35
46
64
74
73
61
52
49
44
32
13
-3
-10
-13
-25
-49
-72
-79
-73
-68
-66
-68
-72
-75
-73
-57
-35
-26
-35
-49
-52
-36
0
32
46
43
34
39
54
69
74
67
56
51
48
39
22
3
-8
-11
-17
-35
-60
-74
-74
-68
-64
-63
-65
-71
-73
-64
-43
-27
-30
-43
-55
-50
-22
14
38
42
34
32
43
61
71
69
60
53
50
46
33
13
-2
-7
-8
-22
-44
-64
-72
-69
-65
-63
-63
-68
-75
-72
-53
-33
-27
-36
-52
-58
-41
-6
26
38
35
29
34
49
64
68
62
55
52
51
42
25
7
-2
-2
-10
-29
-51
-66
-68
-65
-62
-59
-62
-71
-74
-61
-41
-26
-28
-44
-59
-56
-28
6
29
33
26
25
35
51
60
60
53
50
51
47
35
16
4
3
0
-14
-36
-54
-63
-63
-61
-57
-56
-65
-73
-68
-50
-30
-22
-33
-51
-59
-43
-10
19
31
29
23
27
41
54
58
53
49
48
48
40
23
8
3
3
-6
-25
-46
-59
-64
-66
-61
-57
-63
-71
-72
-59
-37
-20
-22
-39
-55
-51
-26
6
27
30
24
23
32
46
55
54
49
46
48
45
32
15
5
4
0
-14
-33
-49
-58
-63
-60
-54
-55
-64
-69
-64
-46
-24
-17
-29
-50
-59
-45
-15
13
24
22
18
22
36
47
51
47
43
46
47
39
23
10
6
6
-3
-20
-36
-49
-59
-60
-54
-51
-58
-67
-69
-57
-34
-16
-20
-39
-56
-55
-31
-1
19
24
18
18
27
39
48
47
42
44
48
45
33
17
9
10
5
-9
-26
-41
-55
-61
-56
-51
-53
-62
-69
-65
-46
-21
-14
-27
-48
-60
-47
-20
7
19
17
14
17
28
40
43
40
39
44
46
39
24
13
13
12
3
-11
-26
-43
-54
-54
-48
-46
-53
-64
-69
-57
-33
-17
-20
-40
-58
-58
-37
-8
12
17
14
13
22
34
41
39
37
40
45
44
31
17
14
15
8
-1
-14
-32
-47
-53
-49
-45
-47
-57
-68
-64
-45
-22
-16
-31
-51
-62
-52
-26
-2
10
12
9
14
27
37
39
36
37
44
47
38
23
17
17
14
7
-3
-19
-37
-47
-48
-44
-40
-49
-62
-67
-56
-32
-17
-22
-41
-60
-61
-42
-17
2
9
8
8
17
28
34
33
33
40
48
43
30
22
19
18
14
7
-6
-25
-39
-46
-44
-39
-42
-56
-68
-66
-46
-25
-17
-29
-50
-61
-53
-31
-8
6
7
7
12
21
29
30
28
34
46
46
37
27
21
19
17
14
4
-14
-31
-44
-47
-41
-39
-48
-63
-68
-56
-33
-16
-19
-36
-54
-57
-42
-20
-1
5
5
7
14
23
27
23
26
38
45
40
30
22
17
16
16
10
-2
-19
-36
-44
-42
-36
-40
-55
-66
-63
-44
-21
-14
-25
-44
-57
-52
-33
-10
3
4
5
8
18
24
20
20
31
42
42
35
27
20
18
18
15
8
-8
-27
-40
-43
-36
-35
-48
-63
-69
-57
-33
-16
-17
-34
-51
-57
-45
-23
-5
4
5
5
14
22
21
18
25
38
42
37
30
21
17
17
17
13
1
-16
-34
-42
-37
-32
-38
-54
-67
-64
-43
-20
-12
-22
-40
-55
-53
-36
-16
0
3
2
9
18
20
15
19
31
38
39
33
25
19
16
18
16
9
-5
-25
-39
-39
-33
-33
-46
-62
-68
-56
-32
-15
-14
-28
-48
-54
-45
-25
-5
3
2
5
14
19
15
15
24
34
39
36
29
20
15
16
16
14
5
-14
-32
-39
-34
-28
-35
-51
-65
-62
-42
-22
-11
-20
-40
-54
-55
-40
-17
-4
-2
-1
8
14
12
12
16
27
35
37
33
24
17
16
19
22
17
2
-18
-31
-30
-24
-25
-39
-58
-66
-56
-35
-16
-16
-32
-49
-59
-52
-32
-13
-6
-4
6
13
15
13
14
22
30
35
34
27
20
16
16
21
21
11
-10
-28
-32
-27
-21
-30
-49
-62
-63
-46
-23
-13
-20
-37
-54
-57
-42
-20
-11
-8
-1
8
11
9
8
14
22
31
34
30
25
19
17
21
26
22
5
-14
-26
-26
-18
-22
-37
-55
-66
-56
-34
-17
-15
-28
-48
-62
-55
-34
-19
-13
-7
2
8
7
6
8
15
26
31
30
26
20
17
18
26
28
18
0
-18
-23
-17
-16
-26
-45
-61
-61
-44
-24
-14
-18
-35
-56
-58
-43
-26
-17
-12
-3
4
4
3
1
6
16
24
28
26
22
17
14
22
28
25
11
-9
-20
-17
-13
-16
-32
-52
-60
-50
-30
-15
-9
-21
-43
-56
-50
-34
-24
-18
-9
-1
2
2
-2
0
7
17
24
24
23
15
11
15
23
28
20
0
-14
-17
-12
-10
-20
-41
-57
-56
-41
-22
-8
-11
-29
-48
-51
-39
-28
-20
-10
-2
4
3
-1
-3
-1
9
16
20
21
15
10
10
18
28
26
10
-7
-17
-15
-9
-12
-30
-50
-56
-48
-31
-12
-5
-17
-39
-50
-45
-35
-26
-17
-9
-1
2
1
-4
-3
4
11
19
22
18
12
7
12
24
28
19
2
-12
-15
-9
-6
-18
-37
-50
-52
-40
-20
-5
-9
-30
-46
-49
-42
-31
-24
-14
-6
0
1
-4
-5
-1
4
14
20
20
15
7
8
18
28
26
12
-3
-13
-9
-2
-9
-26
-43
-52
-48
-33
-11
-4
-19
-37
-48
-46
-38
-29
-20
-11
-2
1
-3
-6
-7
-3
6
13
18
16
8
4
11
24
29
22
6
-9
-9
-1
-1
-12
-30
-44
-50
-42
-19
-4
-8
-25
-41
-45
-42
-34
-26
-18
-6
-1
-3
-6
-10
-9
-2
6
13
15
8
0
3
16
26
27
14
-2
-7
-1
5
-2
-18
-33
-48
-48
-30
-9
-3
-15
-33
-43
-44
-37
-31
-23
-10
-2
0
-4
-8
-10
-7
-1
8
13
10
0
-3
5
17
26
20
5
-5
-3
5
2
-8
-23
-41
-49
-38
-15
0
-5
-19
-34
-41
-38
-35
-28
-17
-7
-2
-4
-9
-13
-13
-9
0
10
11
3
-2
-1
10
23
24
12
-3
-5
2
4
0
-11
-29
-44
-44
-24
-5
0
-9
-27
-38
-39
-38
-34
-24
-12
-3
-1
-6
-10
-13
-13
-6
5
10
5
-3
-7
1
15
24
18
2
-4
1
5
5
-2
-17
-37
-47
-35
-14
0
-1
-15
-28
-35
-37
-35
-28
-17
-6
-1
-4
-9
-13
-18
-15
-4
4
5
-3
-10
-7
5
21
21
8
-1
-1
4
7
5
-4
-25
-41
-39
-22
-2
5
-5
-18
-29
-35
-37
-33
-24
-13
-4
-4
-6
-11
-18
-19
-11
-1
5
-1
-9
-13
-5
13
19
12
2
-2
2
5
9
5
-13
-32
-41
-32
-11
3
1
-10
-22
-32
-37
-37
-31
-20
-8
-3
-2
-5
-14
-19
-16
-6
2
2
-5
-14
-12
4
16
16
6
1
1
3
9
11
0
-20
-37
-38
-21
-2
4
-3
-14
-26
-34
-39
-38
-27
-15
-8
-3
-5
-11
-20
-23
-14
-3
3
0
-11
-15
-4
12
17
11
5
2
1
7
13
10
-7
-28
-39
-29
-9
3
2
-6
-19
-29
-39
-42
-34
-24
-13
-5
-2
-5
-15
-21
-17
-9
1
2
-7
-16
-11
5
14
13
9
4
1
5
13
15
4
-17
-36
-37
-23
-8
-2
-6
-16
-25
-36
-42
-39
-30
-19
-8
-1
0
-8
-17
-19
-14
-4
3
-3
-13
-14
-1
11
15
15
10
5
6
11
17
13
-5
-28
-39
-31
-15
-4
-4
-10
-19
-32
-41
-43
-38
-29
-19
-7
-1
-6
-14
-21
-20
-10
1
2
-8
-14
-5
6
13
15
12
7
5
9
17
20
9
-14
-31
-34
-21
-7
-3
-4
-12
-25
-36
-43
-42
-36
-28
-14
-4
-4
-11
-20
-24
-17
-5
0
-7
-14
-11
-1
9
14
14
10
5
6
13
22
18
-1
-23
-35
-29
-15
-5
0
-4
-14
-27
-37
-39
-37
-32
-20
-9
-4
-8
-18
-25
-24
-12
-2
-5
-13
-15
-7
3
11
14
12
7
3
8
19
22
11
-12
-29
-31
-22
-10
-1
1
-5
-20
-32
-38
-41
-38
-29
-15
-6
-5
-12
-23
-27
-18
-5
-4
-11
-16
-13
-5
5
11
13
9
3
4
13
23
20
2
-18
-28
-25
-14
-4
3
2
-9
-22
-32
-37
-39
-34
-21
-9
-4
-7
-18
-27
-24
-12
-6
-10
-17
-19
-13
-5
3
9
9
4
2
7
19
25
13
-8
-24
-27
-20
-9
1
6
-1
-13
-24
-33
-39
-38
-28
-15
-5
-2
-10
-23
-26
-16
-8
-7
-12
-17
-15
-9
-2
6
8
5
0
0
11
21
17
2
-16
-25
-24
-15
-4
5
4
-6
-17
-28
-38
-41
-34
-22
-9
-1
-3
-16
-25
-19
-10
-5
-9
-15
-16
-14
-8
0
5
6
2
-1
6
18
22
11
-6
-20
-26
-23
-12
0
5
0
-10
-20
-33
-40
-39
-30
-16
-2
1
-10
-22
-24
-16
-8
-9
-13
-16
-16
-12
-5
2
7
4
0
3
14
23
20
5
-12
-24
-27
-19
-6
3
3
-4
-13
-26
-38
-42
-38
-26
-8
2
-3
-15
-22
-18
-10
-7
-9
-14
-17
-16
-12
-4
3
3
-2
-2
6
19
24
15
0
-15
-25
-23
-11
0
4
1
-7
-19
-32
-40
-42
-34
-16
-1
1
-10
-21
-21
-15
-10
-9
-14
-18
-19
-17
-10
-1
4
1
-3
1
13
23
21
9
-6
-21
-25
-17
-5
4
6
2
-8
-21
-33
-41
-40
-26
-8
1
-5
-17
-22
-18
-12
-10
-12
-16
-19
-19
-15
-6
1
0
-4
-5
4
16
21
15
3
-14
-25
-24
-12
-1
5
7
0
-11
-24
-37
-41
-33
-15
0
1
-8
-17
-17
-12
-9
-10
-14
-17
-20
-20
-13
-4
0
-4
-8
-3
8
17
18
10
-5
-20
-24
-18
-9
1
7
5
-4
-17
-31
-40
-39
-25
-7
1
-4
-15
-20
-16
-11
-10
-12
-15
-18
-20
-16
-8
-1
-2
-6
-5
3
13
19
17
6
-12
-22
-21
-14
-4
5
8
3
-8
-22
-36
-43
-35
-18
-4
-3
-11
-19
-17
-12
-10
-10
-12
-16
-19
-19
-13
-4
-2
-6
-7
-2
7
17
21
14
-2
-16
-22
-20
-10
0
7
6
-1
-13
-29
-42
-42
-27
-10
-2
-6
-15
-17
-13
-10
-10
-11
-14
-18
-21
-17
-8
-3
-4
-7
-6
1
11
20
20
7
-9
-20
-23
-18
-8
2
5
3
-7
-22
-38
-45
-36
-18
-4
-1
-8
-13
-12
-9
-6
-6
-8
-13
-18
-18
-11
-5
-4
-8
-8
-7
1
14
19
12
-3
-17
-24
-23
-15
-4
4
5
1
-12
-31
-44
-44
-29
-11
-2
-5
-10
-11
-8
-6
-5
-5
-8
-14
-17
-14
-7
-5
-6
-7
-8
-3
9
18
18
6
-10
-22
-26
-21
-11
-2
4
4
-5
-22
-39
-47
-38
-19
-5
-3
-7
-10
-9
-7
-5
-4
-5
-10
-15
-15
-10
-6
-6
-6
-8
-6
2
14
18
12
-1
-16
-25
-26
-18
-9
-1
4
1
-12
-30
-45
-45
-28
-12
-5
-5
-8
-8
-6
-4
-3
-2
-5
-12
-15
-12
-9
-6
-5
-7
-9
-3
8
16
16
7
-7
-20
-27
-23
-15
-6
2
5
-3
-19
-39
-48
-39
-22
-10
-6
-8
-8
-7
-5
-4
-2
-3
-10
-14
-14
-11
-7
-5
-6
-10
-9
1
11
17
14
3
-12
-23
-25
-20
-11
-1
5
5
-6
-26
-43
-44
-30
-15
-9
-9
-10
-9
-8
-7
-3
-3
-8
-13
-15
-14
-10
-6
-6
-10
-12
-6
5
14
16
9
-5
-17
-23
-23
-15
-5
4
10
4
-13
-34
-44
-36
-22
-12
-9
-9
-8
-8
-7
-4
-3
-5
-10
-15
-17
-15
-10
-8
-10
-14
-11
-1
10
16
15
3
-10
-20
-24
-21
-12
-3
7
9
-2
-24
-40
-41
-30
-16
-10
-9
-6
-6
-6
-4
-3
-3
-7
-11
-15
-16
-12
-8
-9
-14
-15
-8
1
11
15
8
-3
-16
-24
-24
-18
-9
3
11
7
-11
-30
-39
-34
-22
-14
-9
-7
-7
-6
-4
-2
-1
-3
-6
-12
-16
-15
-12
-11
-15
-18
-14
-6
6
14
13
5
-9
-19
-23
-22
-15
-4
9
12
-1
-21
-37
-37
-28
-19
-12
-8
-5
-4
-3
-2
-1
-2
-5
-11
-16
-18
-14
-11
-13
-16
-16
-11
0
10
15
10
-2
-14
-22
-24
-21
-12
2
11
8
-9
-29
-37
-32
-24
-17
-11
-7
-5
-3
-2
-1
0
-2
-5
-11
-15
-13
-11
-12
-15
-19
-17
-7
4
13
13
5
-7
-18
-23
-24
-19
-6
7
12
0
-20
-34
-36
-30
-23
-16
-10
-6
-3
-2
-1
0
0
-1
-7
-14
-13
-11
-10
-12
-17
-18
-12
-1
10
15
11
-1
-13
-21
-27
-26
-17
0
11
8
-9
-27
-34
-32
-27
-20
-13
-8
-4
-2
-1
-2
-2
-1
-6
-12
-15
-14
-10
-10
-15
-18
-16
-7
4
14
15
7
-5
-15
-23
-27
-23
-8
8
13
2
-17
-30
-34
-32
-26
-19
-12
-7
-4
-2
-3
-2
0
-3
-8
-13
-14
-11
-10
-13
-17
-18
-13
-3
9
16
13
4
-7
-17
-25
-27
-17
0
12
8
-8
-25
-35
-36
-32
-25
-17
-11
-5
-2
-3
-2
0
0
-3
-9
-12
-12
-10
-10
-15
-18
-16
-9
3
14
16
10
0
-10
-22
-29
-26
-11
6
11
1
-16
-29
-35
-34
-30
-23
-16
-8
-3
-3
-3
-2
1
0
-5
-9
-10
-8
-8
-11
-15
-18
-15
-5
6
13
11
4
-5
-17
-28
-32
-21
-3
10
8
-6
-21
-30
-34
-32
-26
-20
-11
-4
-1
-1
-1
3
5
1
-6
-10
-10
-10
-11
-14
-19
-19
-13
-1
10
13
9
3
-8
-23
-33
-30
-14
3
9
-1
-15
-27
-34
-34
-31
-25
-16
-7
-2
-1
-1
2
5
5
-1
-6
-8
-9
-8
-10
-15
-19
-17
-7
5
11
11
6
-2
-16
-31
-35
-25
-6
7
5
-6
-19
-30
-34
-34
-29
-21
-11
-3
0
0
2
6
8
3
-2
-6
-8
-8
-10
-14
-21
-23
-17
-5
5
9
8
4
-7
-23
-34
-32
-15
1
6
0
-14
-25
-32
-34
-32
-25
-14
-5
1
3
3
7
11
9
4
-2
-6
-8
-9
-11
-18
-24
-21
-11
1
7
9
7
-2
-17
-34
-41
-29
-11
2
3
-7
-18
-27
-31
-32
-28
-19
-9
-1
1
1
5
9
10
6
0
-4
-7
-7
-7
-12
-20
-23
-17
-7
1
7
9
5
-6
-25
-38
-35
-20
-3
4
0
-11
-20
-27
-32
-32
-27
-17
-6
-1
-1
2
7
11
10
4
-1
-6
-7
-6
-9
-16
-23
-21
-14
-4
5
9
10
3
-15
-33
-39
-29
-14
-2
0
-8
-17
-24
-29
-32
-31
-22
-10
-3
-1
0
4
10
11
9
4
-3
-6
-6
-7
-12
-20
-21
-16
-7
2
8
12
9
-6
-26
-39
-37
-23
-7
0
-4
-11
-20
-27
-32
-34
-29
-17
-8
-3
-2
1
7
11
12
9
3
-2
-4
-4
-9
-18
-22
-22
-14
-5
2
10
12
4
-15
-34
-39
-31
-14
-2
0
-5
-14
-21
-28
-35
-34
-24
-13
-5
-3
0
5
9
13
12
8
1
-3
-3
-6
-13
-21
-24
-19
-11
-4
5
12
10
-5
-25
-39
-37
-24
-10
-2
-2
-9
-15
-22
-31
-34
-30
-18
-9
-5
-1
2
6
11
13
11
4
0
-1
-2
-7
-16
-22
-21
-16
-10
-2
8
12
4
-15
-34
-40
-32
-19
-6
-2
-6
-10
-17
-25
-34
-34
-25
-15
-8
-3
1
5
11
16
16
9
4
1
0
-4
-12
-21
-24
-22
-18
-11
1
11
11
-2
-24
-38
-38
-27
-12
-6
-6
-10
-14
-21
-31
-35
-29
-19
-9
-3
1
4
9
16
18
14
8
3
1
-1
-7
-16
-23
-23
-21
-16
-6
6
13
5
-15
-33
-42
-35
-20
-10
-6
-7
-10
-14
-25
-34
-33
-24
-14
-7
-1
2
5
12
17
17
13
7
4
2
-2
-11
-20
-23
-24
-22
-16
-3
9
8
-5
-24
-39
-38
-27
-14
-7
-6
-6
-9
-18
-29
-35
-31
-22
-13
-5
-1
2
10
17
20
17
11
7
6
3
-5
-13
-20
-23
-23
-21
-10
4
10
3
-15
-34
-41
-36
-24
-15
-12
-9
-9
-13
-23
-32
-32
-26
-17
-7
-2
1
7
15
20
20
15
9
7
6
0
-8
-16
-21
-23
-25
-17
-3
8
9
-5
-26
-40
-40
-30
-20
-15
-11
-8
-8
-17
-27
-32
-30
-22
-13
-6
-2
2
10
17
21
19
14
11
9
5
-3
-12
-18
-24
-29
-26
-15
0
9
3
-14
-33
-39
-33
-24
-18
-14
-9
-6
-12
-21
-29
-32
-27
-18
-8
-3
1
7
15
22
22
17
14
11
9
2
-7
-13
-21
-29
-31
-24
-9
4
7
-5
-25
-38
-38
-30
-23
-18
-11
-5
-6
-12
-22
-30
-30
-22
-13
-7
-2
2
9
17
20
19
15
13
13
8
0
-7
-15
-24
-32
-31
-20
-5
4
0
-18
-35
-40
-34
-27
-22
-14
-5
-2
-6
-15
-25
-30
-26
-17
-9
-3
0
7
16
22
23
18
15
14
9
2
-6
-14
-23
-33
-36
-30
-15
0
3
-8
-27
-38
-36
-31
-27
-20
-12
-4
-4
-8
-19
-27
-26
-18
-9
-2
1
6
13
21
25
21
19
17
13
6
-2
-10
-19
-29
-37
-37
-26
-10
0
-4
-21
-36
-39
-35
-32
-26
-17
-8
-2
-2
-11
-21
-25
-21
-13
-6
-1
3
9
18
24
23
21
19
16
10
3
-4
-13
-23
-34
-40
-35
-20
-4
0
-13
-30
-38
-37
-34
-29
-21
-12
-2
2
-5
-15
-24
-24
-17
-10
-4
-1
3
13
21
23
22
21
19
13
6
1
-6
-16
-27
-38
-41
-30
-11
0
-5
-21
-33
-37
-37
-34
-29
-21
-9
0
0
-8
-20
-24
-20
-13
-5
-2
0
8
16
21
21
22
21
16
11
5
-1
-9
-21
-33
-42
-38
-21
-5
-2
-14
-28
-35
-37
-34
-31
-25
-12
-1
4
-1
-14
-22
-25
-20
-12
-7
-4
2
11
18
20
22
22
19
15
10
5
-2
-13
-25
-38
-42
-30
-12
-2
-9
-21
-32
-36
-36
-34
-30
-21
-8
2
1
-8
-18
-24
-21
-14
-9
-6
-3
6
15
18
21
22
20
16
12
9
4
-4
-15
-30
-41
-38
-21
-6
-5
-14
-26
-33
-35
-36
-35
-29
-16
-2
3
0
-11
-21
-24
-19
-13
-11
-9
-1
7
13
18
21
21
19
17
14
10
4
-5
-19
-37
-42
-30
-13
-5
-9
-20
-29
-33
-34
-35
-34
-24
-9
1
3
-5
-18
-26
-25
-19
-16
-12
-6
3
11
17
21
23
21
20
17
13
9
3
-9
-29
-43
-39
-22
-8
-5
-13
-22
-29
-32
-35
-37
-31
-17
-4
3
-1
-12
-24
-26
-21
-18
-14
-10
-3
5
11
17
20
21
21
19
16
12
8
0
-19
-37
-41
-29
-12
-4
-6
-16
-25
-28
-33
-37
-36
-26
-12
0
3
-5
-19
-25
-24
-21
-18
-15
-10
-3
6
14
20
22
22
20
18
15
13
8
-7
-28
-42
-38
-22
-9
-5
-12
-21
-25
-29
-35
-38
-33
-21
-8
2
-1
-14
-24
-27
-24
-20
-16
-10
-5
4
12
20
24
25
25
22
17
16
14
4
-16
-36
-41
-31
-16
-8
-11
-20
-26
-29
-35
-40
-40
-32
-19
-4
1
-7
-18
-24
-24
-22
-19
-15
-9
-2
6
15
21
24
26
25
22
21
21
16
-1
-25
-39
-37
-23
-11
-9
-16
-23
-26
-33
-40
-43
-40
-28
-11
-1
-3
-13
-23
-26
-25
-21
-17
-12
-5
4
14
21
25
29
29
25
22
22
21
8
-15
-35
-41
-31
-17
-12
-15
-21
-25
-30
-36
-42
-45
-37
-22
-8
-3
-9
-18
-24
-24
-22
-18
-13
-9
-1
10
18
24
29
31
29
24
25
28
21
3
-22
-38
-37
-25
-16
-17
-21
-24
-29
-35
-42
-47
-45
-32
-14
-4
-4
-12
-20
-23
-24
-22
-18
-15
-8
2
11
19
26
32
32
27
27
30
29
16
-8
-31
-39
-31
-21
-18
-21
-24
-28
-32
-39
-46
-49
-40
-23
-8
-2
-7
-15
-20
-22
-20
-17
-15
-10
-2
8
16
22
30
32
27
25
27
31
24
5
-22
-39
-38
-28
-22
-21
-23
-26
-29
-35
-43
-50
-48
-34
-16
-4
-3
-9
-17
-21
-20
-17
-15
-12
-6
4
11
19
28
33
31
27
27
32
31
18
-8
-32
-38
-33
-26
-24
-25
-27
-30
-32
-38
-47
-51
-43
-25
-9
-2
-4
-12
-18
-20
-18
-15
-15
-10
-1
7
15
25
33
33
28
26
29
33
27
5
-22
-37
-37
-32
-28
-27
-28
-29
-29
-33
-42
-51
-49
-35
-17
-4
0
-6
-14
-18
-18
-15
-15
-11
-4
3
10
20
29
33
30
26
27
34
34
19
-7
-29
-36
-34
-31
-29
-30
-31
-31
-32
-39
-50
-54
-46
-30
-13
-3
-3
-8
-14
-15
-13
-13
-12
-7
-1
6
14
25
32
32
27
25
31
36
29
6
-19
-34
-37
-34
-31
-30
-31
-30
-29
-33
-43
-52
-51
-38
-20
-6
-1
-6
-13
-15
-16
-16
-15
-11
-5
1
9
20
30
34
30
24
27
36
36
19
-6
-26
-34
-34
-31
-30
-31
-31
-29
-30
-38
-49
-55
-48
-32
-15
-3
-3
-9
-13
-13
-14
-15
-12
-8
-3
3
13
24
32
31
24
23
33
40
32
11
-13
-28
-33
-32
-30
-32
-33
-31
-30
-34
-44
-54
-53
-41
-23
-7
-2
-6
-11
-12
-14
-15
-13
-11
-8
-5
3
15
27
32
26
21
29
39
39
24
1
-19
-29
-31
-31
-32
-33
-32
-29
-30
-38
-48
-54
-49
-33
-14
-2
-2
-7
-9
-12
-14
-14
-12
-10
-7
-2
8
21
30
27
20
23
34
40
32
13
-9
-24
-28
-29
-31
-34
-34
-31
-29
-33
-43
-53
-54
-43
-25
-8
-2
-3
-6
-9
-13
-14
-14
-12
-11
-7
0
13
26
28
21
20
29
40
39
25
3
-16
-25
-28
-30
-33
-34
-31
-28
-28
-35
-46
-53
-50
-35
-16
-5
-3
-5
-8
-12
-14
-15
-14
-13
-11
-7
5
20
28
23
18
23
35
40
33
15
-6
-20
-25
-27
-30
-33
-32
-28
-25
-28
-38
-50
-54
-44
-27
-12
-5
-4
-6
-10
-13
-15
-16
-14
-14
-13
-4
12
25
25
18
19
29
38
39
26
6
-11
-20
-24
-27
-31
-34
-32
-27
-25
-31
-43
-53
-50
-35
-19
-8
-3
-3
-7
-10
-14
-15
-14
-15
-17
-13
2
18
23
19
17
22
33
39
34
18
-2
-15
-22
-25
-29
-33
-32
-29
-24
-25
-35
-48
-53
-44
-28
-14
-6
-4
-5
-8
-12
-14
-13
-13
-15
-16
-5
12
22
21
16
18
28
38
39
26
8
-8
-18
-22
-27
-32
-34
-33
-28
-25
-31
-44
-54
-51
-39
-23
-10
-5
-3
-4
-8
-11
-11
-9
-12
-17
-11
4
18
22
18
16
22
34
41
35
19
0
-13
-20
-25
-30
-35
-35
-31
-26
-26
-36
-49
-54
-47
-32
-17
-7
-3
-2
-5
-10
-12
-10
-12
-18
-17
-5
11
19
19
15
17
29
40
41
31
12
-4
-13
-19
-25
-32
-37
-36
-29
-25
-31
-45
-55
-55
-44
-28
-14
-5
-2
-2
-7
-10
-7
-7
-14
-19
-13
2
14
18
15
13
21
34
42
38
23
6
-6
-12
-19
-26
-35
-39
-35
-27
-28
-37
-49
-55
-50
-37
-22
-11
-3
1
-3
-7
-6
-6
-11
-19
-19
-8
7
16
14
10
14
26
39
41
32
16
1
-9
-16
-23
-31
-37
-35
-28
-24
-30
-43
-54
-54
-45
-30
-16
-6
0
-2
-7
-7
-4
-7
-15
-19
-14
0
13
16
13
12
20
33
40
36
22
7
-5
-12
-19
-28
-36
-38
-33
-26
-26
-35
-48
-55
-51
-38
-25
-12
-2
0
-4
-6
-3
-4
-10
-18
-18
-7
6
14
13
9
13
26
37
40
31
18
4
-6
-12
-22
-33
-39
-38
-30
-25
-30
-42
-54
-55
-47
-34
-19
-6
1
-2
-4
-2
-1
-5
-15
-19
-13
0
11
13
9
8
17
30
38
35
25
10
-1
-7
-16
-27
-37
-39
-33
-26
-24
-33
-47
-54
-52
-42
-29
-13
-2
-2
-3
-2
1
0
-9
-17
-17
-8
5
12
9
6
11
23
34
37
30
17
5
-3
-10
-19
-31
-38
-36
-28
-22
-28
-41
-53
-55
-50
-39
-22
-8
-3
-3
-3
1
2
-3
-14
-19
-14
-1
9
11
6
7
16
29
37
36
25
13
3
-3
-11
-23
-34
-39
-33
-24
-23
-33
-46
-53
-54
-47
-32
-16
-6
-5
-5
-2
2
0
-9
-18
-17
-7
5
11
7
5
10
21
33
36
31
20
8
1
-6
-16
-28
-37
-36
-27
-21
-27
-40
-51
-57
-55
-42
-25
-11
-5
-4
-2
3
5
-1
-13
-18
-13
-1
7
7
4
4
13
26
34
36
27
17
9
2
-6
-20
-33
-38
-33
-24
-26
-35
-46
-56
-59
-52
-35
-18
-8
-5
-3
2
7
4
-6
-16
-17
-8
2
5
3
1
6
18
31
37
33
24
14
8
2
-10
-24
-35
-35
-27
-24
-29
-39
-50
-58
-58
-46
-29
-15
-9
-8
-2
5
7
1
-12
-18
-13
-4
3
4
1
2
11
24
34
36
29
19
12
7
-1
-15
-31
-35
-30
-25
-25
-33
-44
-55
-60
-54
-39
-22
-13
-9
-4
2
8
5
-6
-16
-17
-9
0
3
2
0
5
18
31
38
34
25
17
11
6
-7
-24
-34
-34
-28
-25
-29
-38
-50
-59
-59
-48
-31
-18
-13
-9
-3
6
9
1
-10
-16
-12
-4
2
2
-1
1
10
23
34
36
29
20
13
11
2
-14
-29
-35
-30
-25
-23
-29
-41
-54
-62
-57
-41
-26
-17
-13
-7
3
9
6
-4
-13
-14
-7
1
3
0
-2
2
15
28
35
33
23
15
13
8
-5
-22
-32
-32
-28
-24
-26
-35
-47
-59
-60
-50
-34
-21
-16
-10
-1
8
11
3
-9
-14
-11
-3
1
1
-2
-2
8
22
33
36
28
18
14
12
3
-14
-28
-34
-31
-26
-24
-28
-39
-54
-62
-58
-43
-28
-21
-15
-6
5
12
8
-1
-10
-11
-5
1
4
-1
-4
1
12
26
33
30
20
15
15
9
-5
-21
-32
-33
-29
-24
-24
-33
-47
-60
-62
-51
-36
-26
-19
-11
2
12
14
7
-4
-9
-7
-2
2
0
-4
-4
3
18
30
32
24
17
16
14
5
-11
-27
-33
-32
-28
-24
-28
-39
-54
-63
-58
-44
-31
-24
-16
-5
7
14
10
1
-6
-8
-4
1
1
-2
-5
-1
11
25
33
28
21
18
18
12
-2
-19
-30
-33
-29
-24
-23
-30
-46
-60
-63
-54
-40
-32
-24
-13
1
13
15
8
-2
-7
-6
-2
1
0
-5
-7
1
17
29
30
24
20
20
18
8
-8
-23
-31
-32
-29
-25
-27
-38
-54
-64
-60
-48
-37
-29
-20
-6
8
16
14
5
-3
-5
-3
1
1
-3
-7
-4
10
25
31
28
22
21
20
14
1
-15
-27
-33
-33
-27
-25
-31
-46
-60
-62
-55
-44
-36
-28
-15
0
12
16
10
1
-4
-4
-1
2
1
-6
-8
2
17
28
28
23
21
21
19
10
-6
-20
-30
-33
-30
-25
-26
-38
-53
-61
-59
-50
-43
-35
-23
-8
7
16
15
7
0
-3
-2
1
1
-5
-10
-5
10
24
28
25
21
21
22
17
4
-11
-24
-32
-32
-26
-23
-31
-46
-58
-62
-55
-48
-41
-31
-18
-1
11
14
10
3
-1
-3
0
3
-1
-8
-9
2
17
25
26
22
21
23
21
13
-1
-16
-28
-33
-28
-22
-25
-37
-52
-59
-58
-52
-47
-40
-29
-13
2
12
13
8
3
-1
1
4
3
-5
-11
-5
8
21
26
24
21
22
23
18
7
-7
-21
-31
-30
-23
-21
-30
-45
-57
-61
-57
-53
-47
-38
-23
-6
8
13
12
6
1
1
4
5
-2
-11
-11
0
16
25
26
23
23
26
24
16
4
-12
-26
-31
-26
-20
-24
-37
-51
-59
-59
-56
-52
-45
-34
-17
-1
9
12
9
3
0
3
6
2
-7
-12
-7
8
20
25
23
22
24
25
22
12
-2
-19
-29
-27
-22
-21
-31
-45
-56
-60
-59
-55
-51
-43
-28
-11
3
12
13
8
3
4
7
6
-2
-11
-12
-1
15
24
25
24
26
27
27
21
8
-9
-25
-29
-25
-22
-26
-39
-51
-59
-61
-59
-56
-50
-38
-22
-6
6
12
9
3
1
4
6
2
-8
-13
-7
8
21
26
26
26
27
29
26
18
2
-16
-27
-26
-21
-21
-29
-42
-53
-58
-59
-58
-55
-47
-33
-17
-2
9
10
5
2
4
7
5
-3
-12
-13
-1
13
21
24
25
26
28
30
25
12
-6
-21
-26
-23
-20
-25
-36
-48
-56
-60
-60
-59
-53
-42
-27
-11
4
10
8
3
3
6
8
2
-9
-15
-8
6
18
24
25
26
28
32
31
22
6
-13
-23
-24
-21
-21
-30
-42
-51
-57
-60
-61
-59
-51
-38
-22
-5
6
8
4
3
5
8
7
-3
-14
-14
-3
10
19
23
24
25
29
32
28
15
-3
-17
-21
-19
-18
-22
-32
-43
-51
-56
-60
-60
-56
-47
-32
-15
1
8
6
4
4
8
11
3
-9
-17
-9
1
15
