-6
-6
-6
-6
-6
-6
-6
-6
-6
-6
-6
-6
-6
-6
-7
-7
-7
-6
-8
-9
-8
-7
-7
-6
-2
0
2
3
1
-1
-2
-4
-11
-19
-23
-25
-24
-23
-20
-16
-10
-3
2
5
9
13
12
8
7
4
-2
-6
-7
-9
-9
-7
-5
-3
0
-1
-2
0
5
5
-2
-14
-25
-33
-42
-50
-55
-49
-31
-10
7
12
10
10
12
17
28
37
40
34
22
6
-11
-23
-25
-14
0
5
-2
-10
-12
-17
-24
-34
-44
-48
-52
-58
-64
-61
-41
-9
28
52
53
43
31
26
31
42
49
45
32
11
-14
-41
-61
-60
-40
-18
-11
-9
-5
-6
-10
-20
-32
-37
-35
-32
-35
-36
-30
-12
21
50
55
42
20
-6
-15
1
15
17
9
3
-1
-13
-31
-45
-39
-22
-7
11
24
20
8
-1
-11
-28
-38
-45
-51
-55
-55
-37
-1
36
55
52
38
10
-10
-3
13
23
19
16
13
-3
-29
-54
-54
-33
-16
0
14
16
7
-1
-9
-26
-43
-56
-65
-69
-65
-41
2
50
76
81
70
37
4
-1
9
15
8
0
-1
-6
-19
-38
-44
-32
-19
-7
4
7
2
-4
-13
-29
-49
-63
-75
-82
-82
-67
-30
24
70
102
112
83
42
22
22
20
-1
-24
-31
-27
-25
-38
-45
-39
-27
-13
5
15
17
16
9
-12
-37
-56
-71
-81
-80
-68
-39
11
57
101
127
112
69
28
8
-3
-20
-39
-53
-50
-40
-41
-47
-46
-37
-23
-2
13
18
19
11
-11
-36
-53
-67
-79
-79
-75
-56
-18
26
76
118
123
90
49
31
27
17
-5
-26
-28
-17
-12
-23
-33
-42
-41
-22
-3
8
15
15
2
-23
-45
-65
-84
-92
-96
-79
-48
-16
28
80
108
93
59
43
43
43
27
3
-7
-1
1
-10
-22
-40
-53
-42
-20
-1
8
9
2
-18
-36
-58
-76
-86
-96
-87
-62
-33
6
57
99
100
73
48
43
45
33
10
-7
-5
1
-3
-11
-31
-53
-53
-34
-11
4
16
15
4
-10
-33
-55
-72
-88
-87
-70
-49
-22
21
70
92
77
49
38
41
37
17
-4
-8
-5
-2
0
-14
-41
-54
-39
-16
0
13
19
15
3
-20
-43
-65
-92
-105
-95
-77
-56
-19
37
80
82
64
54
62
66
49
26
14
9
9
16
10
-18
-45
-47
-36
-24
-13
-6
-3
-8
-29
-51
-69
-93
-110
-105
-88
-66
-34
23
81
103
94
82
86
90
73
43
18
-2
-10
-4
-1
-24
-59
-72
-66
-52
-36
-24
-9
1
-6
-19
-32
-54
-76
-79
-66
-49
-28
13
66
93
87
65
55
61
51
28
5
-18
-27
-18
1
-2
-28
-45
-45
-32
-19
-13
-1
10
5
-10
-24
-48
-78
-95
-93
-84
-71
-36
22
69
81
67
57
66
67
56
36
11
-7
-3
17
20
-6
-32
-46
-44
-35
-32
-21
-4
-1
-7
-16
-36
-68
-93
-97
-92
-84
-57
-3
53
82
75
64
69
73
68
54
30
3
-4
15
27
11
-18
-42
-50
-46
-47
-39
-23
-17
-18
-21
-31
-54
-81
-90
-87
-85
-67
-23
36
78
81
68
66
72
73
64
46
13
-7
3
18
15
-8
-34
-48
-46
-47
-41
-22
-10
-5
-5
-11
-32
-65
-85
-91
-97
-91
-64
-8
45
63
59
55
62
70
71
64
34
8
10
27
36
23
-5
-26
-34
-42
-45
-34
-23
-16
-11
-10
-26
-58
-83
-95
-103
-106
-93
-47
13
47
54
51
58
68
78
80
58
25
16
27
42
40
13
-12
-27
-41
-48
-46
-36
-28
-21
-11
-16
-41
-66
-84
-93
-102
-101
-67
-8
40
58
60
62
67
78
86
72
36
13
11
24
30
9
-15
-33
-48
-58
-58
-45
-33
-23
-6
-1
-15
-41
-64
-74
-89
-100
-84
-34
21
47
53
54
54
62
78
77
51
23
10
21
34
22
1
-16
-34
-49
-58
-49
-40
-31
-12
1
-4
-27
-53
-65
-79
-98
-99
-65
-10
25
39
43
41
49
70
82
71
43
22
27
39
34
15
-3
-20
-38
-51
-48
-44
-38
-23
-6
-2
-21
-49
-65
-77
-96
-109
-89
-38
5
30
41
39
41
61
79
81
59
31
29
41
45
31
12
-4
-26
-45
-50
-51
-48
-40
-20
-4
-12
-34
-55
-65
-84
-106
-99
-58
-10
22
42
40
35
48
66
79
67
38
28
35
45
38
21
7
-15
-36
-46
-50
-51
-49
-32
-12
-10
-25
-45
-52
-67
-95
-105
-78
-34
6
34
41
35
39
55
76
76
49
29
29
42
42
30
19
-2
-24
-40
-48
-52
-54
-42
-20
-9
-19
-39
-48
-57
-86
-108
-97
-60
-15
24
42
41
38
48
71
82
66
40
32
41
43
36
29
12
-10
-29
-41
-50
-59
-59
-41
-22
-23
-38
-47
-50
-74
-101
-103
-80
-37
8
36
46
42
45
67
86
82
55
38
41
42
40
33
19
-1
-23
-36
-47
-58
-65
-53
-29
-19
-29
-39
-41
-62
-94
-107
-98
-62
-14
22
42
38
35
51
74
84
64
45
42
43
45
40
31
14
-7
-23
-34
-46
-57
-55
-32
-16
-22
-32
-34
-50
-83
-110
-119
-95
-51
-7
25
31
26
35
62
85
77
58
50
50
52
50
45
33
12
-6
-18
-33
-50
-59
-44
-24
-28
-38
-39
-49
-75
-106
-127
-117
-80
-32
13
34
34
35
59
88
90
71
56
50
49
50
48
40
20
0
-15
-29
-48
-65
-57
-32
-27
-33
-33
-36
-54
-86
-115
-122
-100
-56
-8
25
32
26
42
72
86
74
57
48
45
46
47
45
31
10
-5
-16
-33
-56
-58
-33
-22
-23
-23
-24
-34
-64
-98
-118
-115
-83
-37
6
23
17
24
53
77
76
62
51
46
44
46
46
38
18
1
-8
-22
-50
-62
-44
-26
-20
-18
-16
-20
-44
-78
-108
-120
-103
-64
-17
13
12
13
36
65
77
69
59
51
46
45
46
43
28
7
-2
-11
-39
-60
-54
-36
-25
-20
-14
-11
-25
-56
-90
-112
-111
-84
-37
4
13
10
26
53
72
70
60
52
45
44
45
47
36
13
2
-4
-29
-55
-61
-45
-30
-23
-16
-8
-12
-36
-70
-99
-113
-102
-62
-14
6
5
13
38
61
67
60
52
43
40
42
48
45
23
11
8
-13
-41
-56
-48
-33
-25
-17
-8
-4
-18
-49
-81
-106
-113
-83
-35
-3
2
4
23
48
61
60
53
45
40
38
46
49
31
18
16
1
-28
-52
-54
-43
-34
-25
-14
-3
-7
-31
-63
-95
-118
-104
-61
-19
-2
0
15
40
59
66
61
55
47
41
48
54
41
25
22
13
-13
-41
-54
-50
-42
-34
-24
-12
-7
-23
-48
-79
-112
-118
-85
-39
-10
-5
6
29
52
66
64
61
52
40
44
52
45
29
23
21
1
-28
-49
-51
-44
-37
-29
-16
-7
-12
-31
-60
-99
-122
-105
-61
-23
-12
-4
14
38
57
60
61
55
42
44
54
54
41
34
34
21
-8
-35
-46
-44
-41
-36
-24
-12
-11
-21
-44
-83
-120
-123
-88
-46
-24
-14
0
24
47
55
63
60
46
41
51
55
46
38
39
34
9
-21
-40
-43
-41
-39
-28
-14
-8
-10
-24
-56
-101
-125
-105
-67
-37
-24
-15
8
31
44
57
60
49
40
48
56
51
42
42
43
27
-3
-29
-39
-42
-44
-36
-23
-15
-10
-14
-35
-80
-120
-118
-87
-51
-31
-22
0
23
40
57
65
58
45
48
57
54
46
42
45
36
9
-22
-40
-47
-52
-46
-32
-21
-11
-6
-15
-52
-101
-119
-102
-66
-42
-32
-14
7
26
45
60
59
45
43
53
54
48
42
45
45
25
-4
-27
-38
-48
-47
-37
-25
-14
-4
-1
-27
-76
-112
-113
-82
-54
-41
-26
-6
13
34
54
61
49
41
48
53
48
41
43
47
36
10
-14
-30
-42
-46
-40
-27
-19
-7
5
-9
-50
-98
-118
-98
-70
-52
-37
-18
0
19
44
58
52
42
44
51
49
42
41
48
46
24
0
-21
-36
-47
-47
-35
-29
-16
2
3
-25
-77
-112
-107
-82
-60
-43
-23
-5
13
39
59
59
48
45
52
52
45
39
45
48
33
11
-12
-31
-47
-52
-43
-39
-29
-9
5
-7
-53
-99
-111
-94
-73
-55
-34
-16
-1
25
50
58
50
44
49
54
49
41
45
51
45
27
5
-15
-37
-47
-43
-40
-34
-18
2
6
-27
-78
-106
-102
-85
-68
-47
-30
-16
7
37
53
52
44
45
53
50
43
43
51
52
38
19
-1
-27
-42
-44
-42
-39
-29
-6
11
-5
-53
-93
-103
-95
-80
-60
-41
-29
-10
20
44
51
44
42
50
51
45
42
49
56
47
33
14
-12
-33
-42
-43
-42
-39
-19
7
9
-28
-74
-97
-99
-89
-70
-50
-37
-22
5
35
51
48
44
50
54
48
41
45
53
48
39
23
-4
-27
-42
-46
-47
-48
-34
-4
15
-5
-50
-83
-97
-95
-79
-59
-45
-33
-10
22
44
47
43
47
54
52
45
46
54
54
48
37
14
-12
-31
-40
-44
-50
-46
-19
10
8
-28
-66
-91
-100
-92
-73
-57
-46
-27
5
34
45
43
44
52
52
44
43
48
50
49
43
26
0
-23
-35
-39
-46
-50
-30
4
18
-4
-41
-73
-94
-95
-81
-66
-55
-43
-15
18
37
41
40
48
52
44
41
45
49
51
49
39
16
-10
-27
-34
-41
-53
-44
-11
14
7
-23
-58
-87
-97
-88
-72
-60
-51
-28
6
32
41
42
49
55
49
43
42
45
48
49
44
27
0
-22
-32
-40
-55
-57
-30
3
12
-7
-40
-74
-94
-94
-79
-67
-59
-43
-12
20
36
40
47
55
52
46
45
46
49
53
53
43
19
-7
-21
-30
-46
-60
-45
-12
9
5
-22
-57
-86
-97
-88
-77
-71
-61
-35
0
22
29
38
48
51
47
45
46
50
54
59
57
37
10
-7
-17
-34
-56
-55
-28
-1
9
-7
-38
-72
-94
-92
-83
-76
-71
-53
-19
9
22
33
45
52
51
48
47
49
53
59
63
50
23
0
-11
-26
-52
-64
-47
-17
4
2
-20
-55
-84
-92
-85
-78
-75
-65
-35
-4
15
28
41
51
53
51
49
49
50
56
65
61
38
11
-3
-17
-43
-64
-60
-34
-6
6
-5
-35
-70
-89
-88
-81
-80
-76
-53
-20
3
19
34
46
52
52
50
49
49
52
62
68
52
25
10
-3
-27
-55
-65
-48
-19
2
5
-17
-51
-80
-88
-84
-83
-84
-70
-39
-13
6
23
38
48
50
50
50
48
49
57
68
61
37
20
8
-11
-40
-61
-55
-33
-5
9
-1
-30
-64
-82
-82
-83
-87
-82
-58
-30
-8
10
27
40
46
48
48
47
46
52
66
68
50
31
19
5
-23
-51
-60
-46
-19
3
6
-14
-48
-74
-80
-82
-87
-88
-71
-45
-20
1
20
36
45
49
50
48
43
44
59
68
58
39
26
14
-10
-40
-58
-56
-34
-7
8
0
-30
-62
-74
-77
-84
-89
-80
-57
-32
-11
9
27
40
45
48
50
43
40
52
65
64
48
35
26
7
-21
-48
-58
-46
-22
2
6
-16
-49
-70
-76
-83
-91
-89
-71
-46
-23
-1
18
34
42
46
51
45
38
45
60
67
55
41
34
21
-4
-34
-54
-54
-36
-8
9
0
-30
-56
-66
-74
-85
-91
-81
-61
-39
-18
3
21
31
38
47
45
38
40
55
67
62
50
42
32
13
-17
-44
-56
-49
-24
1
5
-17
-44
-59
-68
-80
-89
-86
-71
-50
-29
-7
14
26
35
45
48
41
37
48
63
64
54
45
38
25
-1
-32
-52
-56
-39
-10
6
-4
-30
-49
-59
-71
-84
-88
-80
-62
-43
-21
3
19
29
41
48
44
35
42
56
63
58
49
44
35
15
-16
-43
-57
-51
-25
1
3
-16
-37
-49
-62
-76
-86
-85
-72
-57
-37
-13
6
19
31
44
44
35
37
50
62
62
55
51
46
32
5
-25
-49
-56
-37
-9
5
-7
-27
-42
-54
-69
-82
-87
-80
-67
-49
-26
-5
9
22
38
44
37
33
42
56
60
55
50
46
38
17
-11
-40
-58
-50
-22
1
1
-14
-30
-42
-56
-73
-82
-80
-72
-57
-35
-13
3
16
34
44
40
34
37
50
58
57
52
49
43
28
3
-28
-54
-60
-40
-12
-2
-9
-24
-36
-49
-67
-80
-82
-78
-66
-47
-23
-5
9
27
41
43
36
35
45
56
59
55
54
52
42
23
-6
-39
-58
-49
-23
-5
-4
-17
-31
-44
-64
-80
-87
-86
-79
-63
-39
-18
-3
16
35
44
39
35
41
53
59
58
56
55
51
38
14
-20
-50
-54
-34
-11
-3
-10
-22
-34
-52
-71
-83
-87
-85
-75
-53
-31
-15
3
24
39
40
34
37
48
57
58
56
57
55
48
31
0
-36
-55
-46
-23
-8
-10
-17
-27
-42
-61
-76
-82
-85
-80
-62
-40
-23
-7
15
34
41
36
34
43
52
56
55
55
55
51
42
18
-19
-49
-54
-36
-16
-9
-12
-19
-31
-50
-67
-77
-84
-85
-73
-52
-34
-19
1
23
36
34
31
37
48
56
59
60
60
58
55
38
4
-34
-52
-44
-25
-14
-13
-16
-25
-41
-60
-73
-84
-90
-83
-66
-47
-32
-13
10
29
34
30
32
42
52
58
61
62
61
62
52
25
-14
-44
-47
-31
-16
-10
-10
-15
-29
-48
-63
-76
-87
-89
-76
-60
-45
-29
-6
16
27
28
28
35
45
52
58
60
60
62
60
42
6
-32
-48
-39
-24
-14
-9
-10
-19
-36
-52
-66
-81
-88
-82
-67
-52
-38
-18
7
24
28
27
32
41
49
56
58
58
60
63
55
26
-13
-40
-43
-31
-20
-13
-9
-14
-28
-43
-57
-75
-88
-89
-77
-63
-49
-31
-6
15
25
25
28
35
44
52
57
58
59
64
64
45
9
-26
-40
-35
-25
-16
-10
-10
-20
-34
-48
-65
-82
-90
-84
-70
-58
-42
-20
6
21
25
27
31
38
47
54
56
56
62
68
61
30
-9
-33
-37
-31
-23
-14
-11
-17
-28
-41
-57
-75
-88
-87
-77
-66
-53
-33
-7
13
23
27
29
34
42
50
54
54
57
66
68
48
11
-21
-34
-34
-27
-17
-10
-11
-20
-31
-45
-64
-81
-87
-82
-72
-62
-46
-21
2
17
23
26
29
36
46
52
53
55
64
72
63
31
-6
-28
-35
-33
-24
-14
-11
-16
-24
-35
-53
-73
-85
-85
-77
-70
-58
-37
-12
7
17
22
25
31
41
50
53
53
60
72
74
52
15
-15
-30
-34
-29
-19
-13
-14
-19
-26
-42
-61
-77
-83
-78
-73
-65
-48
-25
-3
11
18
21
25
35
45
51
51
55
67
76
64
32
-1
-24
-35
-35
-26
-17
-14
-16
-21
-32
-50
-69
-79
-79
-76
-70
-58
-37
-15
4
15
19
22
29
40
48
49
51
61
75
75
51
18
-10
-29
-35
-30
-20
-15
-13
-15
-22
-37
-58
-73
-78
-78
-76
-68
-51
-29
-8
7
15
19
23
33
43
46
45
51
68
76
63
35
5
-19
-32
-32
-23
-16
-12
-12
-14
-25
-45
-63
-73
-76
-77
-74
-61
-41
-20
-1
10
15
18
26
37
43
42
44
59
73
72
52
23
-4
-25
-31
-27
-19
-14
-13
-12
-19
-35
-55
-69
-75
-78
-77
-69
-52
-31
-10
5
13
14
20
30
39
40
39
50
67
75
64
41
13
-13
-27
-27
-22
-16
-14
-12
-14
-26
-45
-62
-71
-77
-79
-75
-63
-44
-22
-3
9
12
16
25
36
39
37
44
61
75
73
57
30
1
-20
-27
-25
-20
-16
-14
-13
-20
-36
-53
-66
-73
-78
-77
-70
-55
-34
-12
3
10
12
20
31
38
36
38
52
69
76
68
46
17
-8
-24
-27
-24
-20
-17
-13
-15
-28
-45
-60
-71
-77
-80
-76
-66
-48
-25
-5
6
9
15
28
38
39
37
46
63
76
76
61
35
7
-14
-24
-26
-23
-20
-16
-13
-20
-35
-51
-64
-73
-79
-79
-75
-61
-41
-19
-3
3
7
19
32
37
35
40
55
71
79
73
53
24
-2
-17
-23
-23
-22
-17
-12
-14
-24
-39
-54
-66
-75
-79
-79
-71
-54
-31
-12
-2
1
10
24
32
31
33
44
60
74
77
65
40
12
-9
-19
-22
-22
-18
-12
-9
-15
-27
-42
-57
-68
-76
-79
-77
-65
-44
-22
-8
-3
3
17
27
30
29
35
50
66
77
73
54
28
2
-13
-20
-23
-20
-15
-10
-12
-21
-35
-50
-62
-72
-78
-79
-73
-56
-33
-14
-7
-2
10
23
29
29
31
41
57
73
77
67
44
18
-2
-14
-20
-21
-17
-12
-11
-15
-27
-42
-56
-68
-76
-80
-79
-67
-45
-24
-13
-8
2
15
24
26
26
33
47
64
75
74
57
33
9
-6
-15
-19
-18
-13
-10
-11
-19
-32
-47
-60
-70
-77
-80
-74
-56
-34
-19
-12
-4
9
20
25
24
26
37
54
69
75
66
46
21
2
-11
-19
-19
-16
-12
-10
-14
-25
-40
-53
-65
-74
-80
-79
-66
-44
-26
-17
-9
3
16
24
25
25
31
45
61
73
73
58
35
14
-3
-15
-18
-19
-15
-12
-12
-19
-33
-47
-59
-68
-76
-82
-76
-57
-36
-23
-15
-3
10
21
26
24
27
37
53
69
76
69
49
27
6
-9
-18
-21
-19
-15
-12
-15
-27
-40
-53
-63
-71
-80
-80
-67
-47
-31
-21
-10
3
17
24
26
26
32
46
63
75
75
61
40
18
-1
-14
-21
-22
-19
-15
-14
-21
-33
-45
-56
-66
-76
-82
-75
-57
-40
-27
-17
-4
9
21
25
24
27
37
53
70
76
70
53
31
10
-7
-17
-22
-21
-16
-13
-16
-25
-38
-48
-58
-69
-80
-81
-68
-51
-36
-25
-13
1
14
22
23
23
30
43
61
73
75
64
44
22
3
-10
-19
-22
-18
-13
-12
-18
-30
-40
-50
-61
-75
-81
-75
-60
-44
-32
-21
-9
5
16
19
19
21
32
49
65
73
70
56
35
15
0
-12
-19
-18
-12
-8
-11
-21
-33
-43
-53
-68
-79
-80
-69
-54
-41
-30
-19
-4
10
16
17
18
25
39
56
70
74
67
48
28
11
-4
-15
-18
-15
-10
-9
-16
-28
-37
-47
-61
-75
-81
-75
-63
-48
-37
-26
-12
3
14
17
17
20
30
46
62
72
72
57
38
20
5
-8
-17
-16
-12
-8
-11
-21
-30
-39
-52
-68
-80
-80
-71
-56
-44
-34
-20
-5
9
15
15
16
22
35
52
67
74
66
49
31
14
-1
-13
-16
-13
-7
-6
-14
-23
-31
-42
-57
-72
-79
-76
-63
-50
-40
-29
-14
0
10
12
12
15
24
38
56
69
70
58
41
24
8
-6
-14
-14
-9
-6
-11
-19
-26
-34
-48
-63
-75
-77
-69
-56
-45
-35
-21
-5
6
12
13
14
20
31
47
64
71
64
49
33
16
0
-13
-17
-14
-9
-10
-16
-22
-28
-39
-53
-68
-76
-72
-62
-51
-42
-30
-15
-1
9
11
13
16
24
38
56
69
68
58
44
27
10
-6
-16
-15
-11
-10
-14
-18
-24
-32
-43
-59
-72
-75
-67
-57
-49
-39
-25
-9
3
9
11
14
19
30
47
64
70
64
52
37
20
3
-11
-15
-11
-9
-11
-16
-21
-27
-36
-50
-66
-74
-72
-63
-55
-47
-36
-20
-5
4
8
11
14
21
37
56
69
69
60
47
32
14
-3
-12
-12
-9
-9
-12
-17
-22
-29
-41
-57
-71
-73
-68
-60
-53
-43
-29
-13
-2
5
9
11
14
26
45
62
69
66
56
43
26
7
-7
-10
-9
-7
-9
-14
-18
-24
-32
-48
-65
-73
-72
-66
-59
-52
-38
-22
-9
-1
6
8
8
15
31
51
63
65
61
51
37
19
2
-6
-7
-5
-5
-8
-13
-18
-24
-37
-56
-69
-73
-69
-63
-57
-47
-32
-18
-7
2
6
6
9
21
40
57
65
64
58
48
31
12
0
-5
-5
-4
-6
-12
-16
-20
-30
-48
-65
-73
-72
-67
-63
-54
-40
-25
-13
-3
4
5
4
12
29
48
61
65
63
56
42
23
7
-1
-4
-3
-3
-8
-13
-16
-23
-38
-56
-69
-72
-69
-67
-61
-48
-35
-22
-10
0
4
3
7
20
39
56
64
66
62
51
34
16
4
-3
-4
-4
-7
-12
-15
-19
-29
-46
-62
-70
-70
-69
-66
-56
-43
-31
-18
-5
3
2
3
11
29
48
59
65
65
58
44
26
10
-1
-4
-3
-6
-10
-13
-14
-20
-35
-52
-64
-67
-68
-67
-60
-49
-39
-27
-12
-1
2
2
5
19
38
52
61
65
63
51
35
18
2
-5
-6
-7
-10
-13
-13
-15
-26
-43
-58
-64
-67
-68
-64
-54
-44
-34
-19
-5
2
2
2
12
29
46
57
65
67
59
46
29
11
-1
-5
-5
-9
-13
-13
-13
-19
-35
-52
-61
-67
-70
-69
-61
-52
-42
-28
-13
-1
2
1
7
21
37
51
61
67
64
55
40
21
6
-1
-4
-7
-12
-14
-13
-15
-27
-43
-56
-63
-69
-71
-65
-57
-48
-36
-20
-5
2
1
3
13
28
42
54
63
64
60
50
32
15
4
0
-4
-9
-13
-13
-11
-20
-35
-49
-59
-68
-73
-69
-62
-55
-45
-30
-13
-2
0
0
6
18
32
45
57
63
63
58
44
26
11
4
1
-4
-11
-12
-9
-13
-27
-42
-52
-63
-71
-70
-65
-58
-52
-39
-22
-7
-1
-2
1
9
22
36
48
58
62
61
52
34
18
8
4
0
-8
-11
-9
-9
-19
-32
-43
-54
-65
-68
-66
-60
-56
-48
-33
-15
-6
-5
-4
2
13
26
41
53
60
63
59
45
27
14
7
3
-5
-11
-10
-7
-13
-25
-35
-46
-59
-66
-67
-63
-60
-55
-43
-25
-11
-7
-6
-2
6
18
32
45
55
61
62
53
36
20
11
7
0
-8
-8
-5
-7
-16
-25
-36
-50
-61
-66
-64
-62
-61
-53
-36
-19
-11
-9
-6
-1
9
24
38
49
58
63
59
45
27
15
10
4
-5
-8
-5
-5
-11
-19
-28
-41
-54
-61
-62
-61
-62
-58
-45
-28
-16
-12
-9
-6
2
15
28
40
51
59
61
52
36
22
15
9
0
-6
-5
-4
-7
-14
-21
-32
-46
-57
-60
-59
-62
-63
-54
-38
-23
-15
-10
-8
-3
8
21
33
44
55
62
59
44
28
20
14
4
-4
-5
-4
-6
-11
-17
-26
-40
-53
-59
-60
-61
-65
-60
-47
-31
-19
-11
-8
-5
3
15
27
37
49
60
63
54
38
27
20
10
0
-5
-4
-5
-9
-14
-21
-33
-48
-57
-59
-60
-65
-65
-55
-41
-27
-16
-12
-10
-4
7
18
29
40
53
64
61
48
36
28
19
8
1
0
-2
-5
-9
-14
-24
-40
-53
-58
-60
-64
-68
-63
-51
-37
-24
-16
-14
-10
-2
10
21
32
46
60
64
55
43
35
27
16
7
3
1
-2
-6
-9
-16
-30
-46
-55
-57
-62
-68
-67
-59
-46
-32
-22
-17
-15
-8
3
14
24
37
54
64
60
49
40
32
21
11
5
2
-1
-4
-6
-10
-21
-38
-49
-53
-57
-64
-67
-64
-54
-40
-27
-20
-17
-12
-3
8
17
28
44
59
61
52
44
37
27
15
8
5
1
-3
-4
-5
-12
-28
-41
-48
-52
-60
-66
-67
-61
-49
-35
-26
-21
-17
-9
2
10
19
34
52
60
56
49
42
33
22
12
8
4
-1
-3
-3
-6
-19
-34
-43
-49
-55
-63
-67
-66
-56
-42
-31
-24
-20
-14
-3
5
12
24
42
56
57
52
47
39
28
18
11
7
2
-2
-1
-2
-11
-26
-38
-44
-51
-58
-65
-68
-63
-50
-37
-28
-23
-19
-9
0
6
15
32
50
56
55
51
45
35
24
15
10
3
-3
-3
-1
-7
-21
-33
-41
-47
-54
-61
-66
-66
-56
-43
-31
-24
-20
-12
-3
3
8
23
41
52
55
53
49
41
29
20
14
7
-1
-4
-2
-4
-14
-27
-36
-43
-48
-55
-63
-66
-62
-50
-37
-29
-24
-17
-7
-1
3
14
32
46
52
53
51
45
35
24
17
11
1
-5
-4
-2
-9
-21
-31
-39
-43
-49
-57
-63
-64
-55
-42
-32
-28
-21
-10
-3
0
7
22
39
49
52
53
50
41
30
23
16
5
-3
-4
-2
-6
-16
-27
-36
-42
-47
-54
-62
-66
-61
-49
-38
-32
-26
-15
-6
-2
1
14
31
43
50
54
53
47
37
29
23
13
3
-1
0
-1
-8
-20
-30
-37
-43
-49
-58
-66
-67
-58
-45
-38
-32
-22
-11
-6
-4
5
21
36
46
52
54
50
41
33
27
18
6
0
0
1
-3
-12
-23
-32
-38
-44
-52
-61
-67
-63
-51
-42
-37
-29
-17
-11
-8
-3
10
26
39
47
54
53
46
38
32
25
14
5
3
4
3
-5
-16
-26
-33
-38
-45
-55
-65
-67
-58
-49
-44
-37
-26
-16
-12
-8
1
16
30
41
50
54
50
42
37
31
21
10
4
5
5
0
-10
-21
-29
-34
-40
-49
-61
-67
-62
-53
-48
-43
-32
-21
-15
-12
-5
8
22
34
46
53
52
46
41
37
27
16
8
5
6
4
-4
-15
-24
-30
-34
-41
-54
-65
-65
-58
-53
-48
-38
-26
-18
-15
-10
0
13
25
38
48
52
47
43
39
32
21
10
5
6
6
2
-8
-17
-25
-29
-34
-45
-58
-63
-59
-55
-51
-44
-33
-23
-18
-15
-7
4
16
29
43
50
48
45
42
37
28
17
9
6
7
5
-2
-12
-22
-26
-29
-38
-52
-61
-60
-57
-54
-49
-39
-27
-21
-17
-12
-3
8
20
35
45
47
45
43
40
32
21
11
6
7
7
3
-6
-16
-22
-25
-31
-44
-57
-60
-57
-55
-52
-44
-32
-23
-18
-15
-7
2
12
27
40
46
45
44
42
37
27
15
8
7
8
6
-1
-12
-20
-23
-27
-39
-52
-58
-58
-57
-55
-49
-38
-27
-22
-18
-12
-5
4
18
34
43
45
45
45
42
35
23
14
10
10
10
5
-6
-17
-22
-24
-33
-46
-56
-58
-58
-59
-55
-46
-34
-26
-21
-15
-9
-2
10
26
39
44
45
46
45
41
31
20
12
11
11
9
0
-12
-19
-20
-26
-38
-50
-56
-58
-60
-60
-53
-41
-32
-26
-19
-14
-9
0
16
31
40
44
45
47
45
37
26
17
12
12
12
6
-6
-15
-17
-19
-29
-42
-51
-55
-59
-61
-58
-48
-38
-30
-23
-17
-14
-7
6
23
35
42
44
47
48
43
32
21
14
12
13
10
0
-11
-15
-17
-24
-36
-47
-53
-57
-62
-61
-54
-44
-36
-27
-20
-16
-12
-1
15
30
39
43
46
49
47
39
27
17
12
13
13
5
-6
-13
-14
-19
-29
-40
-47
-52
-59
-61
-58
-50
-41
-32
-23
-19
-17
-10
4
20
32
38
42
46
48
43
33
22
14
14
16
11
0
-9
-11
-14
-22
-33
-41
-48
-55
-61
-61
-55
-47
-38
-27
-22
-20
-16
-5
11
25
34
39
44
48
47
40
28
17
15
17
15
5
-5
-10
-11
-17
-27
-36
-43
-51
-58
-61
-58
-52
-43
-31
-23
-20
-19
-12
2
17
27
33
39
45
47
44
34
21
15
16
17
10
-1
-9
-11
-14
-23
-31
-38
-45
-52
-57
-57
-53
-45
-34
-24
-19
-18
-15
-5
9
20
27
33
39
45
45
39
26
16
15
17
13
4
-5
-8
-11
-17
-25
-32
-38
-46
-53
-56
-56
-51
-41
-30
-23
-21
-20
-14
-1
12
21
29
36
43
47
45
33
21
16
18
17
9
-1
-6
-8
-13
-21
-27
-33
-42
-50
-55
-58
-55
-47
-35
-25
-21
-21
-17
-7
7
18
26
33
39
46
47
39
25
17
16
18
12
3
-4
-7
-10
-17
-23
-29
-38
-46
-53
-57
-59
-53
-42
-30
-23
-22
-20
-13
0
12
21
29
36
44
50
46
33
21
18
19
17
8
0
-4
-7
-13
-19
-25
-33
-41
-49
-55
-60
-59
-51
-38
-28
-24
-23
-19
-8
4
14
23
29
38
48
50
41
27
20
21
20
14
4
-1
-4
-9
-14
-19
-26
-34
-42
-49
-57
-60
-56
-45
-34
-28
-26
-24
-16
-4
7
17
23
31
42
49
46
33
24
22
23
18
9
3
-2
-6
-11
-15
-21
-29
-37
-45
-53
-60
-59
-51
-38
-29
-27
-26
-20
-11
1
12
19
26
36
47
48
39
28
23
23
21
13
6
0
-5
-9
-13
-18
-25
-33
-39
-47
-56
-60
-55
-44
-32
-28
-26
-24
-17
-6
5
12
18
28
41
48
44
33
25
25
23
18
11
4
-1
-6
-10
-14
-20
-27
-34
-41
-51
-59
-59
-50
-38
-30
-27
-26
-22
-13
-2
6
12
20
34
45
47
39
29
26
24
20
14
8
1
-4
-8
-11
-16
-22
-28
-34
-44
-54
-59
-55
-43
-34
-28
-27
-26
-20
-9
1
7
13
25
40
47
43
34
28
26
23
18
12
4
-2
-6
-9
-13
-19
-24
-30
-39
-50
-59
-59
-50
-39
-31
-28
-27
-23
-13
-1
6
10
19
34
46
46
38
32
29
26
21
16
8
0
-5
-7
-11
-17
-22
-27
-34
-45
-56
-61
-57
-47
-36
-31
-29
-27
-18
-6
2
7
13
27
42
47
43
36
32
29
25
20
13
5
-2
-6
-9
-15
-19
-24
-29
-39
-52
-60
-61
-53
-42
-33
-30
-29
-23
-12
-3
2
6
18
34
45
45
39
34
31
28
25
19
11
3
-2
-5
-10
-15
-19
-23
-31
-44
-56
-63
-59
-50
-40
-34
-33
-30
-20
-9
-2
1
10
26
40
46
43
38
34
31
28
24
16
7
1
-3
-7
-13
-17
-20
-25
-36
-50
-60
-62
-55
-44
-37
-35
-33
-25
-14
-6
-2
3
17
33
43
45
41
37
33
30
27
20
11
4
0
-4
-10
-14
-16
-19
-27
-41
-54
-61
-59
-49
-40
-36
-34
-30
-20
-11
-7
-4
6
22
35
41
41
38
33
31
30
25
16
8
3
-1
-6
-11
-13
-14
-19
-30
-45
-56
-60
-53
-44
-37
-36
-34
-25
-15
-10
-8
-1
12
27
37
41
39
35
32
31
28
20
11
5
1
-4
-10
-13
-13
-14
-22
-35
-49
-58
-57
-48
-40
-37
-36
-30
-19
-12
-11
-8
3
18
30
38
40
36
32
32
31
25
16
9
4
-1
-7
-11
-11
-11
-15
-26
-41
-54
-58
-52
-43
-38
-37
-33
-23
-15
-12
-10
-3
9
22
33
38
36
32
30
31
27
19
11
6
2
-5
-10
-11
-10
-12
-18
-31
-46
-55
-53
-45
-38
-37
-35
-27
-18
-14
-13
-9
1
13
26
35
36
33
31
32
30
23
16
10
5
-1
-8
-10
-10
-9
-13
-23
-39
-52
-55
-49
-41
-39
-37
-31
-21
-15
-14
-12
-5
5
19
31
36
34
32
32
31
26
18
11
6
0
-7
-11
-11
-9
-9
-15
-28
-44
-54
-51
-44
-40
-39
-35
-26
-18
-15
-14
-9
-1
13
27
36
37
34
33
33
30
22
15
10
4
-5
-11
-13
-12
-9
-11
-21
-37
-51
-53
-48
-43
-42
-39
-31
-22
-17
-15
-12
-6
5
20
33
37
35
33
34
33
27
20
15
9
1
-7
-12
-12
-9
-7
-12
-27
-44
-53
-51
-46
-45
-44
-38
-28
-22
-18
-16
-11
-3
11
27
35
36
35
35
35
31
24
19
13
6
-3
-11
-14
-11
-7
-7
-18
-36
-49
-51
-47
-45
-45
-40
-32
-25
-20
-17
-15
-10
1
18
30
34
34
35
36
33
27
22
17
11
2
-7
-13
-13
-8
-4
-9
-25
-42
-49
-48
-46
-46
-44
-36
-29
-23
-20
-18
-16
-8
8
24
32
33
34
37
36
31
26
21
15
7
-2
-10
-13
-11
-5
-5
-16
-34
-46
-48
-47
-48
-46
-40
-32
-25
-20
-18
-18
-14
-1
16
28
32
34
36
37
34
29
25
20
12
2
-7
-14
-15
-9
-5
-11
-27
-42
-47
-47
-48
-47
-43
-35
-28
-21
-18
-19
-18
-9
7
22
29
32
35
38
37
33
28
24
18
9
-1
-11
-16
-12
-5
-5
-17
-34
-43
-46
-47
-48
-46
-40
-33
-26
-20
-20
-22
-17
-3
13
24
28
33
37
38
35
31
27
22
14
4
-8
-16
-15
-7
-1
-8
-24
-36
-42
-45
-47
-46
-42
-36
-29
-22
-20
-23
-22
-12
4
17
24
30
35
38
37
33
30
26
19
10
-2
-13
-17
-10
-1
-3
-15
-29
-38
-43
-48
-48
-45
-41
-34
-26
-21
-22
-24
-19
-4
10
20
27
34
38
38
36
33
29
23
16
5
-8
-17
-14
-4
0
-8
-22
-32
-39
-45
-48
-48
-45
-40
-31
-22
-21
-25
-24
-13
1
13
21
29
35
38
36
34
31
27
22
14
1
-12
-15
-7
1
-2
-14
-26
-35
-43
-48
-48
-47
-43
-36
-26
-21
-25
-27
-20
-7
6
15
23
31
36
37
36
34
30
26
20
8
-7
-16
-12
-2
0
-8
-19
-28
-37
-44
-46
-46
-45
-40
-29
-22
-23
-28
-26
-16
-3
8
17
27
33
36
37
35
33
29
25
16
0
-14
-16
-7
-1
-4
-13
-23
-33
-42
-46
-47
-47
-43
-34
-24
-21
-26
-28
-21
-8
3
12
22
30
36
38
38
35
31
29
23
8
-8
-17
-12
-4
-3
-9
-18
-27
-37
-43
-44
-46
-46
-39
-27
-21
-24
-29
-26
-17
-6
4
15
25
32
36
37
36
32
31
28
18
0
-13
-14
-7
-2
-5
-11
-20
-30
-38
-42
-44
-47
-43
-32
-23
-22
-27
-28
-22
-13
-3
7
18
26
32
36
36
32
30
30
24
8
-9
-15
-10
-4
-2
-6
-13
-24
-33
-38
-41
-46
-45
-37
-25
-21
-25
-29
-26
-18
-9
0
11
21
29
34
36
34
31
32
30
17
-2
-13
-12
-6
-2
-2
-6
-16
-28
-35
-39
-45
-47
-42
-31
-23
-24
-28
-29
-23
-15
-7
4
15
23
30
34
33
31
32
33
25
8
-8
-13
-8
-3
-1
-1
-8
-20
-29
-33
-39
-45
-45
-35
-24
-22
-26
-28
-27
-22
-14
-4
6
16
24
31
32
29
29
33
31
17
-1
-11
-11
-6
-2
1
-3
-14
-23
-29
-35
-43
-47
-40
-28
-22
-23
-27
-27
-25
-20
-11
-1
9
19
29
32
30
29
33
36
26
8
-7
-11
-10
-6
0
-1
-9
-19
-26
-31
-39
-46
-44
-33
-24
-22
-25
-27
-26
-23
-16
-6
3
14
25
32
32
29
32
38
33
18
0
-9
-12
-10
-4
0
-5
-15
-23
-28
-36
-45
-48
-40
-28
-23
-23
-25
-27
-25
-20
-11
-2
8
20
30
33
30
31
37
38
27
9
-4
-11
-12
-7
-1
-2
-10
-18
-23
-30
-41
-48
-44
-34
-25
-23
-24
-26
-27
-23
-17
-9
0
12
25
31
30
29
35
41
34
19
4
-8
-13
-10
-3
-1
-7
-15
-20
-25
-35
-46
-47
-39
-29
-24
-23
-24
-26
-25
-20
-13
-5
5
19
28
29
28
32
40
39
27
12
-2
-11
-13
-7
-1
-4
-12
-17
-21
-29
-42
-48
-44
-35
-27
-24
-23
-25
-26
-22
-17
-11
-2
12
24
29
27
30
38
42
35
22
7
-6
-13
-10
-2
-1
-7
-13
-17
-24
-36
-47
-47
-40
-32
-26
-24
-25
-27
-25
-21
-16
-9
3
18
27
26
27
36
43
41
31
16
1
-11
-12
-5
0
-3
-9
-13
-18
-29
-42
-48
-44
-36
-29
-25
-25
-27
-28
-25
-22
-17
-7
9
22
24
24
31
40
43
38
27
11
-4
-11
-7
-1
-1
-6
-10
-13
-22
-36
-45
-46
-41
-33
-26
-24
-26
-28
-27
-25
-22
-15
0
16
22
23
28
37
43
42
35
21
3
-9
-9
-3
0
-4
-8
-10
-16
-28
-41
-46
-44
-38
-30
-25
-26
-28
-28
-26
-25
-21
-9
9
19
21
24
33
41
44
40
29
11
-5
-11
-6
-1
-3
-6
-7
-10
-21
-34
-43
-45
-41
-33
-26
-25
-27
-27
-25
-25
-24
-15
2
15
19
21
27
36
41
42
36
21
2
-10
-9
-4
-3
-6
-6
-7
-14
-27
-39
-44
-44
-37
-29
-25
-26
-27
-26
-25
-26
-21
-7
8
15
17
23
31
38
43
42
32
13
-4
-9
-5
-3
-6
-6
-5
-9
-21
-34
-43
-46
-41
-32
-26
-25
-26
-25
-23
-26
-25
-15
1
11
14
18
25
33
40
43
39
23
4
-7
-6
-4
-5
-6
-4
-5
-13
-26
-38
-45
-44
-36
-28
-24
-25
-24
-23
-26
-29
-22
-8
5
10
14
21
29
36
43
44
33
13
-2
-6
-5
-5
-6
-4
-3
-8
-19
-31
-41
-44
-40
-31
-26
-26
-25
-23
-25
-30
-28
-16
-3
5
9
15
23
31
39
45
41
24
5
-3
-4
-4
-5
-3
-1
-3
-10
-22
-34
-42
-42
-34
-28
-26
-26
-24
-24
-30
-32
-24
-11
-1
4
10
17
25
34
44
47
34
15
1
-3
-4
-6
-4
-1
0
-4
-14
-27
-38
-42
-37
-30
-27
-26
-24
-23
-28
-35
-32
-20
-9
-1
5
12
19
27
38
47
41
24
8
1
-2
-5
-4
-1
2
2
-6
-17
-30
-39
-39
-32
-28
-28
-25
-22
-25
-34
-35
-27
-16
-7
0
8
14
20
31
44
46
33
15
4
-1
-5
-6
-3
1
3
-1
-10
-24
-36
-40
-35
-30
-28
-26
-21
-22
-30
-35
-30
-21
-11
-4
4
10
15
24
39
47
41
24
10
2
-3
-6
-6
-1
3
2
-4
-16
-31
-39
-37
-32
-30
-28
-22
-19
-25
-32
-32
-25
-16
-8
0
7
10
17
31
44
44
32
17
6
-1
-6
-7
-4
0
2
-1
-10
-25
-36
-38
-33
-31
-29
-23
-17
-21
-29
-33
-28
-20
-12
-4
4
8
12
23
39
46
40
26
14
4
-3
-7
-6
-3
0
0
-5
-19
-33
-39
-37
-34
-32
-26
-19
-18
-24
-31
-30
-24
-17
-9
1
6
8
15
31
44
44
34
21
10
1
-5
-7
-5
-1
1
-1
-11
-26
-36
-37
-35
-34
-30
-22
-17
-21
-29
-31
-28
-22
-15
-4
3
5
9
22
38
45
40
29
17
7
-2
-6
-6
-3
1
2
-3
-18
-31
-35
-35
-36
-33
-26
-19
-19
-26
-31
-31
-28
-22
-11
-1
2
5
15
32
44
44
36
25
14
3
-4
-5
-4
0
4
2
-10
-25
-33
-35
-37
-37
-31
-22
-19
-24
-30
-31
-30
-27
-17
-6
0
2
8
23
39
45
41
32
21
9
-1
-5
-5
-2
3
6
-2
-17
-28
-32
-36
-38
-35
-26
-20
-22
-28
-31
-32
-31
-24
-12
-4
-2
2
14
31
43
43
37
28
16
5
-1
-4
-4
1
7
4
-9
-22
-29
-33
-38
-38
-30
-21
-20
-24
-28
-31
-33
-29
-18
-8
-5
-4
5
21
36
42
40
33
22
11
3
-2
-4
-1
7
8
-2
-14
-23
-29
-36
-40
-35
-25
-20
-22
-25
-28
-33
-33
-25
-14
-7
-7
-2
11
28
39
42
39
29
17
7
0
-4
-4
4
9
4
-8
-18
-25
-32
-39
-38
-28
-21
-20
-22
-24
-30
-34
-30
-19
-10
-9
-8
2
18
32
40
41
35
23
12
4
-3
-6
0
8
8
-2
-13
-20
-28
-36
-39
-32
-23
-20
-20
-21
-26
-33
-33
-24
-14
-10
-11
-5
9
25
36
41
39
29
18
9
0
-6
-4
4
8
3
-7
-15
-22
-32
-39
-36
-27
-21
-19
-19
-22
-30
-34
-29
-18
-12
-12
-10
1
16
30
39
41
34
24
14
4
-5
-7
-1
6
5
-3
-10
-17
-26
-37
-38
-31
-24
-20
-18
-19
-25
-32
-32
-23
-14
-13
-12
-5
8
23
35
41
38
30
20
11
0
-7
-4
4
7
2
-5
-11
-20
-33
-39
-36
-30
-25
-21
-19
-22
-31
-35
-28
-19
-15
-15
-11
0
14
29
40
42
35
27
18
6
-4
-5
2
8
5
-1
-6
-14
-28
-37
-37
-33
-28
-23
-19
-20
-27
-35
-32
-24
-17
-17
-15
-7
5
21
35
41
39
33
25
14
1
-5
0
6
7
2
-2
-8
-20
-33
-37
-35
-32
-27
-21
-19
-24
-33
-35
-28
-21
-19
-18
-13
-3
11
28
39
41
37
31
21
8
-3
-3
4
7
4
1
-2
-12
-26
-35
-36
-33
-30
-23
-18
-20
-29
-35
-32
-24
-21
-20
-18
-11
1
19
34
40
39
36
28
15
2
-3
2
7
5
3
2
-6
-19
-31
-35
-35
-33
-28
-20
-18
-25
-34
-34
-27
-23
-21
-20
-16
-7
9
26
36
39
38
33
22
7
-2
0
6
6
5
5
1
-11
-25
-32
-33
-33
-29
-21
-16
-20
-30
-34
-30
-25
-23
-22
-21
-15
-3
14
29
36
38
37
29
15
1
-1
3
5
5
7
5
-5
-18
-28
-32
-34
-32
-24
-16
-16
-24
-31
-30
-26
-23
-22
-22
-20
-11
5
21
32
36
37
34
21
5
-2
0
3
4
7
8
1
-12
-23
-29
-33
-33
-28
-19
-14
-19
-28
-30
-28
-25
-23
-23
-23
-17
-4
13
26
34
37
37
29
13
2
0
2
2
4
7
5
-6
-18
-26
-31
-34
-33
-24
-15
-16
-23
-28
-28
-26
-23
-22
-24
-22
-13
3
18
28
35
39
35
21
7
3
2
2
3
8
9
1
-10
-20
-27
-33
-35
-29
-18
-15
-20
-27
-29
-28
-25
-23
-24
-25
-20
-7
10
23
32
40
41
29
14
5
3
1
1
5
9
5
-5
-16
-23
-30
-36
-33
-23
-16
-17
-23
-27
-28
-26
-23
-23
-26
-24
-14
2
16
26
37
43
36
21
9
4
1
-1
2
7
8
1
-10
-18
-26
-34
-36
-28
-18
-16
-20
-24
-28
-27
-25
-23
-25
-26
-21
-7
7
19
31
41
41
29
15
8
3
-1
0
6
10
5
-4
-12
-20
-31
-36
-32
-22
-17
-18
-22
-27
-28
-26
-24
-25
-28
-26
-16
-2
11
24
37
42
35
22
12
6
1
0
4
10
9
1
-6
-14
-25
-35
-35
-27
-19
-17
-20
-24
-27
-27
-24
-23
-27
-30
-23
-11
2
15
31
42
40
29
18
11
5
1
2
8
10
5
-2
-8
-19
-31
-37
-32
-24
-18
-18
-22
-26
-27
-25
-22
-25
-30
-27
-18
-7
5
22
37
42
35
24
16
8
2
1
6
10
8
2
-4
-13
-26
-35
-35
-27
-20
-17
-19
-23
-26
-25
-22
-24
-29
-30
-23
-14
-4
11
29
40
38
30
22
14
5
1
4
10
9
4
0
-7
-19
-31
-35
-31
-24
-18
-18
-21
-25
-26
-22
-22
-27
-31
-28
-20
-12
1
20
35
39
35
27
19
10
2
2
7
9
6
2
-2
-12
-25
-34
-34
-28
-21
-17
-18
-22
-25
-23
-21
-25
-30
-30
-24
-17
-6
11
30
39
38
32
25
16
6
2
5
8
6
4
1
-6
-19
-31
-36
-32
-26
-20
-18
-22
-25
-24
-22
-23
-29
-30
-27
-22
-14
1
21
36
40
36
31
22
10
3
4
7
7
5
5
0
-11
-24
-33
-34
-29
-22
-18
-20
-25
-26
-23
-22
-27
-30
-29
-26
-21
-10
10
28
37
38
35
28
16
6
4
7
8
7
7
5
-3
-17
-29
-34
-33
-27
-21
-20
-24
-26
-24
-22
-26
-31
-31
-29
-26
-18
-1
19
32
37
37
33
24
12
7
8
9
9
9
9
4
-8
-22
-31
-34
-30
-24
-20
-22
-25
-24
-22
-24
-29
-32
-31
-31
-27
-14
5
23
33
37
37
30
18
10
9
9
10
10
11
9
-1
-14
-27
-33
-33
-27
-21
-20
-24
-24
-22
-22
-27
-30
-31
-32
-31
-24
-6
13
27
34
38
35
24
14
10
10
10
10
11
12
6
-6
-19
-29
-33
-29
-21
-19
-22
-24
-23
-22
-26
-30
-32
-34
-35
-32
-18
2
18
29
37
38
30
19
13
11
11
10
10
12
10
1
-12
-25
-33
-32
-25
-19
-20
-23
-22
-21
-23
-27
-29
-31
-34
-34
-26
-8
10
22
33
38
34
24
15
12
10
8
8
11
11
6
-4
-17
-29
-32
-28
-21
-20
-22
-22
-20
-21
-25
-27
-28
-33
-36
-32
-17
0
15
28
36
37
29
19
13
10
8
6
8
11
9
2
-10
-23
-31
-30
-24
-20
-21
-21
-19
-19
-22
-24
-25
-29
-35
-36
-25
-9
6
20
32
37
33
24
16
12
9
7
7
10
11
7
-3
-16
-28
-32
-27
-23
-22
-23
-21
-20
-22
-24
-24
-26
-32
-37
-31
-17
-2
13
27
36
37
29
21
16
11
7
6
9
11
9
3
-9
-24
-32
-30
-25
-23
-23
-21
-19
-20
-23
-23
-23
-29
-36
-35
-26
-12
3
19
32
37
33
25
19
14
9
7
8
10
11
7
-2
-16
-28
-31
-27
-24
-23
-21
-19
-19
-21
-22
-22
-26
-35
-38
-33
-21
-7
9
25
35
35
29
23
18
13
9
8
10
11
11
5
-8
-23
-30
-28
-26
-24
-23
-20
-19
-20
-22
-21
-23
-31
-38
-36
-28
-16
-1
16
31
35
32
27
22
16
10
8
8
10
12
9
-1
-16
-26
-29
-27
-26
-24
-21
-19
-20
-21
-20
-20
-27
-36
-38
-34
-24
-11
6
24
33
34
30
25
19
13
9
8
9
12
13
7
-7
-20
-27
-28
-27
-26
-23
-20
-20
-21
-20
-19
-23
-32
-38
-38
-31
-21
-5
14
28
33
32
28
23
17
11
9
9
12
16
13
2
-13
-24
-27
-27
-27
-25
-20
-19
-21
-21
-18
-20
-28
-36
-39
-36
-28
-15
4
21
30
32
30
26
20
15
11
9
11
14
16
9
-5
-18
-25
-27
-28
-26
-22
-19
-21
-21
-18
-18
-24
-33
-38
-38
-34
-24
-8
11
25
30
30
28
23
18
14
11
10
13
16
13
3
-11
-21
-25
-27
-27
-23
-20
-20
-21
-19
-17
-20
-28
-36
-39
-38
-32
-19
0
17
27
30
30
26
21
16
12
9
11
16
17
10
-3
-14
-22
-26
-28
-25
-21
-20
-20
-19
-16
-17
-24
-32
-38
-40
-37
-28
-11
8
21
28
30
28
24
19
14
10
9
13
17
14
3
-9
-18
-24
-27
-26
-22
-20
-21
-20
-17
-15
-20
-28
-34
-38
-39
-34
-21
-2
14
25
29
30
27
23
18
12
9
11
15
16
9
-2
-12
-20
-26
-27
-24
-21
-21
-22
-19
-16
-17
-24
-32
-38
-41
-40
-30
-13
5
19
27
30
29
26
22
16
11
11
15
19
15
6
-4
-14
-23
-27
-26
-23
-22
-23
-21
-17
-16
-21
-28
-34
-40
-42
-37
-23
-5
11
23
28
29
28
24
19
12
10
13
18
18
11
2
-8
-19
-26
-27
-25
-23
-24
-23
-18
-15
-17
-23
-29
-36
-41
-41
-31
-15
2
17
25
29
28
26
22
15
11
11
16
19
16
8
-2
-13
-23
-27
-25
-24
-24
-24
-21
-16
-16
-20
-25
-32
-39
-43
-38
-25
-9
8
20
27
29
28
26
20
14
12
15
19
18
13
4
-7
-19
-26
-27
-25
-25
-26
-23
-18
-16
-17
-22
-28
-36
-43
-43
-34
-19
-1
14
24
28
29
28
24
17
13
14
18
19
17
10
0
-13
-23
-26
-25
-24
-25
-24
-19
-16
-15
-19
-24
-32
-40
-44
-40
-29
-12
5
18
25
28
28
26
20
14
13
15
18
18
14
7
-6
-18
-24
-25
-24
-25
-25
-22
-17
-15
-17
-21
-27
-36
-43
-44
-36
-21
-4
12
22
27
29
29
24
17
14
14
17
18
17
12
1
-12
-21
-24
-24
-25
-26
-24
-20
-17
-17
-19
-24
-32
-41
-45
-42
-30
-13
3
16
24
28
30
28
21
15
13
15
17
18
16
9
-4
-15
-21
-23
-24
-26
-25
-22
-18
-16
-16
-19
-27
-36
-43
-45
-38
-23
-6
9
19
26
30
29
24
17
13
12
15
18
18
14
4
-9
-18
-22
-23
-25
-26
-23
-19
-17
-16
-17
-22
-30
-39
-45
-43
-33
-17
-1
12
21
27
29
26
20
15
13
14
17
20
19
10
-2
-13
-19
-21
-24
-25
-24
-21
-17
-15
-15
-18
-24
-34
-42
-45
-40
-26
-10
4
15
23
27
28
23
17
14
13
15
19
20
15
4
-8
-16
-20
-23
-26
-26
-23
-19
-16
-14
-15
-19
-28
-38
-45
-44
-34
-19
-4
9
18
25
28
26
21
16
14
14
17
20
19
11
-1
-11
-16
-20
-24
-26
-24
-21
-17
-15
-14
-16
-23
-33
-42
-46
-41
-29
-13
1
12
21
26
27
23
18
14
12
14
19
20
16
5
-6
-14
-18
-22
-24
-24
-22
-18
-15
-13
-14
-19
-27
-38
-45
-44
-35
-21
-7
6
16
24
28
26
22
16
12
12
16
20
20
11
0
-10
-16
-20
-24
-24
-23
-19
-16
-14
-12
-15
-22
-33
-43
-47
-42
-30
-16
-2
10
19
26
27
24
19
13
11
13
19
21
17
6
-4
-11
-16
-20
-23
-23
-21
-18
-15
-13
-13
-17
-26
-37
-45
-45
-38
-25
-11
2
13
22
26
26
22
16
11
11
16
21
21
13
3
-6
-12
-18
-22
-24
-22
-20
-17
-14
-12
-14
-21
-32
-43
-47
-43
-33
-19
-6
6
16
23
26
25
20
13
11
14
19
22
18
9
-1
-8
-14
-20
-23
-23
-21
-18
-14
-12
-12
-16
-26
-37
-45
-46
-39
-27
-14
-1
11
19
24
26
23
16
12
11
16
22
21
13
3
-5
-12
-18
-22
-23
-22
-20
-16
-13
-10
-12
-20
-31
-41
-46
-43
-33
-21
-8
4
14
22
27
26
20
14
11
14
20
22
17
8
0
-8
-15
-21
-24
-24
-22
-18
-15
-11
-10
-15
-24
-36
-44
-45
-39
-29
-16
-3
8
18
25
27
24
18
12
12
18
22
21
14
5
-3
-10
-18
-23
-24
-23
-21
-17
-13
-10
-12
-19
-31
-41
-47
-45
-36
-24
-11
2
13
22
28
27
22
15
12
16
21
23
19
12
4
-4
-12
-20
-24
-24
-23
-21
-16
-12
-11
-15
-25
-37
-45
-47
-42
-31
-19
-6
6
17
25
28
26
18
13
14
19
23
21
16
8
0
-9
-17
-22
-24
-24
-22
-19
-13
-10
-11
-19
-30
-40
-46
-45
-37
-26
-13
-1
11
21
27
28
22
15
12
16
21
23
19
12
4
-4
-12
-20
-23
-24
-23
-21
-16
-11
-10
-14
-24
-36
-44
-47
-43
-32
-21
-9
3
14
23
28
25
18
13
14
20
23
22
17
10
2
-7
-16
-21
-24
-24
-23
-18
-13
-9
-10
-18
-29
-40
-47
-47
-39
-28
-17
-5
7
18
26
28
23
16
14
18
22
23
20
13
6
-3
-12
-19
-22
-24
-24
-20
-15
-10
-9
-13
-22
-33
-43
-47
-43
-34
-23
-12
0
12
23
28
26
19
14
15
19
22
21
16
10
2
-7
-15
-20
-23
-24
-22
-18
-12
-8
-9
-16
-26
-38
-45
-45
-40
-30
-20
-8
5
17
26
27
21
15
14
17
21
22
19
15
8
-2
-11
-18
-22
-24
-23
-20
-14
-8
-7
-11
-20
-32
-42
-47
-44
-36
-27
-15
-3
10
22
27
25
18
14
15
19
21
20
18
13
4
-6
-14
-20
-23
-24
-22
-17
-10
-7
-8
-14
-25
-38
-45
-46
-40
-32
-21
-10
2
16
24
25
20
14
13
17
20
21
20
17
10
0
-9
-16
-21
-24
-24
-20
-13
-8
-6
-9
-17
-30
-40
-45
-44
-38
-29
-18
-6
8
19
24
22
16
13
15
18
20
21
20
15
6
-3
-12
-18
-22
-24
-22
-16
-11
-6
-5
-10
-22
-35
-43
-45
-41
-34
-25
-15
-1
12
22
23
18
14
13
16
18
20
21
19
12
3
-6
-14
-20
-24
-24
-19
-14
-8
-4
-6
-15
-28
-39
-45
-44
-39
-32
-23
-11
4
16
22
20
15
13
15
16
19
21
21
16
9
0
-9
-16
-22
-24
-21
-16
-10
-4
-2
-8
-20
-33
-42
-45
-42
-37
-29
-18
-4
10
20
22
18
14
14
15
17
19
21
19
13
3
-5
-13
-19
-23
-22
-18
-13
-7
-3
-4
-13
-26
-38
-44
-44
-40
-34
-25
-12
2
15
22
20
16
15
15
16
18
21
21
17
9
0
-8
-15
-21
-22
-20
-16
-10
-4
-2
-7
-19
-32
-41
-45
-43
-39
-32
-21
-7
8
19
20
17
15
14
14
16
19
22
20
13
5
-3
-11
-18
-22
-21
-19
-14
-7
-2
-3
-12
-25
-37
-43
-44
-41
-36
-28
-16
0
14
19
19
16
14
14
15
18
22
22
18
11
3
-6
-15
-20
-21
-21
-18
-11
-4
-2
-6
-18
-30
-39
-43
-43
-39
-34
-25
-10
7
17
19
17
15
14
13
15
20
23
21
15
9
0
-10
-18
-21
-22
-21
-16
-8
-2
-2
-10
-23
-34
-40
-42
-40
-37
-31
-18
-2
11
17
18
16
15
13
13
17
22
22
18
13
5
-5
-14
-19
-22
-23
-20
-13
-5
-1
-5
-16
-28
-37
-42
-41
-39
-36
-26
-11
5
15
18
18
16
14
13
16
19
25
